0,0
0,1
0,2
0,3
1,4
1,5
1,6
1,7
3,8
3,9
3,10
3,11
4,12
4,13
4,14
4,15
6,16
6,17
6,18
6,19
7,20
7,21
7,22
7,23
8,24
8,25
8,26
8,27
10,28
10,29
10,30
10,31
12,32
12,33
12,34
12,35
14,0
14,36
14,3
14,2
15,28
15,29
15,37
15,31
16,38
16,39
16,40
16,41
17,42
17,4
17,43
17,44
18,45
18,46
18,47
18,48
19,49
19,50
19,51
19,52
20,53
20,54
20,55
20,56
21,57
21,58
21,59
21,60
23,61
23,62
23,63
23,64
26,65
26,66
26,67
26,68
27,69
27,70
27,71
27,72
28,39
28,73
28,38
28,40
29,74
29,75
29,76
29,77
31,78
31,79
31,80
31,81
32,82
32,83
32,84
32,85
33,86
33,87
33,88
33,89
37,90
37,91
37,92
37,93
39,94
39,95
39,96
39,97
40,98
40,99
40,100
40,101
41,102
41,103
41,7
41,104
44,105
44,106
44,107
44,108
46,109
46,94
46,110
46,111
47,112
47,113
47,114
47,60
48,115
48,116
48,117
48,118
49,24
49,119
49,26
49,27
50,120
50,121
50,122
50,123
51,124
51,125
51,4
51,126
52,65
52,127
52,128
52,129
53,130
53,131
53,120
53,132
54,133
54,134
54,135
54,136
55,32
55,33
55,137
55,138
56,139
56,140
56,141
56,142
57,143
57,144
57,145
57,146
60,147
60,148
60,149
60,83
61,150
61,151
61,78
61,7
63,152
63,153
63,154
63,155
64,156
64,157
64,88
64,158
66,159
66,160
66,161
66,162
69,163
69,164
69,165
69,55
71,166
71,167
71,168
71,169
72,170
72,171
72,7
72,93
73,172
73,97
73,173
73,174
74,175
74,176
74,177
74,178
75,179
75,180
75,181
75,182
76,183
76,184
76,185
76,186
77,187
77,188
77,189
77,190
78,191
78,192
78,193
78,194
79,38
79,195
79,48
79,196
80,194
80,197
80,88
80,198
81,7
81,87
81,199
81,200
82,20
82,201
82,22
82,23
84,202
84,203
84,204
84,205
85,106
85,170
85,91
85,206
87,207
87,208
87,209
87,210
88,211
88,212
88,213
88,214
89,178
89,215
89,216
89,217
94,218
94,219
94,142
94,220
96,221
96,222
96,161
96,14
100,223
100,224
100,225
100,226
101,227
101,228
101,229
101,230
104,231
104,7
104,89
104,232
105,233
105,234
105,235
105,236
106,237
106,238
106,239
106,240
107,241
107,242
107,54
107,243
109,244
109,245
109,246
109,221
110,247
110,248
110,249
110,250
111,251
111,252
111,253
111,254
113,89
113,7
113,231
113,200
114,255
114,256
114,257
114,258
116,259
116,1
116,2
116,36
117,260
117,261
117,262
117,263
118,264
118,42
118,91
118,265
121,266
121,267
121,268
121,269
122,270
122,271
122,272
122,273
125,274
125,275
125,54
125,242
126,276
126,277
126,278
126,279
127,280
127,149
127,281
127,218
129,282
129,194
129,283
129,178
130,284
130,285
130,286
130,287
132,288
132,289
132,290
132,291
135,292
135,293
135,294
135,295
136,154
136,296
136,66
136,160
137,297
137,277
137,298
137,299
139,183
139,185
139,184
139,300
142,261
142,301
142,302
142,303
144,304
144,305
144,306
144,307
147,308
147,309
147,310
147,248
148,311
148,312
148,313
148,314
149,315
149,316
149,317
149,318
150,319
150,320
150,321
150,322
152,323
152,324
152,57
152,325
153,326
153,78
153,4
153,327
154,328
154,329
154,59
154,106
155,330
155,331
155,332
155,176
158,333
158,334
158,335
158,336
159,337
159,338
159,339
159,340
163,154
163,341
163,342
163,343
164,344
164,200
164,301
164,303
165,345
165,346
165,347
165,348
169,349
169,350
169,351
169,352
172,353
172,354
172,355
172,356
173,178
173,357
173,358
173,359
174,360
174,232
174,361
174,157
176,362
176,363
176,364
176,365
177,208
177,366
177,367
177,210
178,368
178,369
178,170
178,370
179,371
179,372
179,264
179,373
180,374
180,375
180,376
180,377
183,175
183,177
183,378
183,379
184,380
184,355
186,381
186,382
186,383
186,384
187,385
187,386
187,216
187,387
189,388
189,389
189,390
189,216
190,391
190,296
190,392
190,393
191,394
191,395
191,396
191,397
194,89
194,200
194,398
194,399
195,400
195,401
195,402
195,403
196,32
196,404
196,33
196,35
199,405
199,406
199,407
199,408
200,409
200,410
200,411
200,412
202,413
202,414
202,415
202,416
203,417
203,418
203,419
203,88
204,420
204,421
204,422
204,423
205,88
205,424
205,425
205,156
206,316
206,426
206,427
206,428
209,429
209,430
209,431
209,106
210,432
210,433
210,434
210,435
211,436
211,437
211,438
211,439
217,440
217,441
217,442
217,443
219,404
219,223
219,138
219,444
220,445
220,446
220,98
220,59
221,447
221,448
221,449
221,450
223,451
223,452
223,453
223,454
224,455
224,456
224,32
224,288
225,42
225,457
225,458
225,459
226,460
226,461
226,462
226,463
227,464
227,465
227,466
227,467
231,468
231,469
231,470
231,152
232,471
232,472
232,473
232,474
233,475
233,476
233,477
233,478
234,392
234,296
234,479
234,189
235,480
235,481
235,482
235,483
237,146
237,484
237,485
237,486
238,487
238,488
238,489
238,490
241,168
241,491
241,166
241,492
245,20
245,201
245,21
245,22
246,32
246,444
246,493
246,494
247,495
247,496
247,497
247,498
248,499
248,500
248,501
248,502
250,503
250,504
250,505
250,397
251,506
251,507
251,508
251,509
254,510
254,511
254,512
254,513
255,514
255,515
255,516
255,517
256,518
256,519
256,520
256,521
257,522
257,523
257,524
257,525
258,238
258,526
258,527
258,528
264,529
264,530
264,531
264,4
265,532
265,533
265,534
265,535
266,536
266,307
266,537
266,259
267,538
267,539
267,540
267,306
268,541
268,542
268,543
268,544
269,545
269,7
269,546
269,547
270,548
270,549
270,550
270,551
271,312
271,311
271,314
271,552
272,553
272,161
272,202
272,94
274,554
274,555
274,556
274,142
276,557
276,558
276,559
276,560
277,100
277,561
277,562
277,158
278,563
278,564
278,565
278,566
279,567
279,568
279,569
279,570
280,571
280,572
280,573
280,574
281,575
281,576
281,577
281,578
285,579
285,368
285,580
285,581
286,582
286,583
286,584
286,585
288,586
288,587
288,588
288,589
289,590
289,591
289,292
289,293
295,279
295,592
295,593
295,594
296,595
296,596
296,597
296,598
297,599
297,47
297,184
297,157
298,380
298,600
298,601
298,602
299,603
299,604
299,605
299,606
303,607
303,608
303,609
303,610
304,611
304,612
304,613
304,614
305,322
305,319
305,615
305,616
306,617
306,618
306,619
306,620
307,187
307,621
307,189
307,188
310,499
310,3
310,87
310,622
311,623
311,624
311,355
312,625
312,626
312,627
312,49
313,35
313,404
313,628
313,32
314,629
314,630
314,631
314,632
315,633
315,634
315,635
315,636
317,637
317,638
317,639
317,640
318,117
318,115
318,641
318,642
322,643
322,644
322,645
322,646
323,647
323,648
323,649
323,650
328,60
328,651
328,652
328,653
329,178
329,654
329,655
329,656
330,657
330,658
330,340
330,659
331,660
331,661
331,662
331,663
332,664
332,448
332,153
332,665
334,355
334,666
334,667
334,668
339,196
339,581
339,579
339,669
341,670
341,671
341,672
341,673
343,656
343,93
343,615
343,674
344,675
344,676
344,677
344,45
345,678
345,238
345,679
345,680
347,681
347,682
347,683
347,684
348,685
348,686
348,687
348,688
349,264
349,689
349,200
349,6
350,690
350,631
350,691
350,692
351,60
351,693
351,694
351,695
353,696
353,482
353,697
353,480
354,698
354,699
354,700
354,265
356,701
356,702
356,404
356,703
362,704
362,705
362,706
362,200
363,707
363,329
363,708
363,120
366,466
366,709
366,710
366,711
368,712
368,713
368,714
368,715
370,716
370,717
370,718
370,719
372,720
372,120
372,721
372,722
373,723
373,724
373,725
373,726
374,32
374,35
374,33
374,727
377,728
377,196
377,338
377,581
384,145
384,264
384,44
384,729
385,178
385,359
385,730
385,731
387,732
387,733
387,734
387,735
389,158
389,736
389,110
389,737
391,573
391,738
391,572
391,571
393,739
393,740
393,204
393,741
394,742
394,743
394,744
394,745
396,746
396,170
396,747
396,748
397,749
397,581
397,750
397,751
398,752
398,753
398,754
398,755
400,605
400,750
400,756
400,757
401,758
401,380
401,759
401,365
402,760
402,60
402,761
402,762
403,692
403,763
403,352
403,261
404,764
404,765
404,296
404,392
405,766
405,767
405,674
405,768
408,769
408,770
408,771
408,772
409,773
409,774
409,506
409,142
410,775
410,776
410,777
410,406
411,616
411,320
411,778
411,322
416,358
416,655
416,656
416,779
418,780
418,781
418,782
418,783
420,784
420,44
420,785
420,786
422,200
422,26
422,197
422,787
423,788
423,789
423,790
423,791
424,542
424,541
424,544
424,169
427,792
427,54
427,793
427,310
428,794
428,111
428,358
428,742
429,795
429,379
429,796
429,797
437,798
437,799
437,800
437,801
438,178
438,802
438,803
438,804
439,805
439,194
439,340
439,806
440,807
440,808
440,399
442,91
442,809
442,93
442,200
443,810
443,811
443,200
443,812
444,813
444,814
444,815
444,551
448,816
448,817
448,768
448,164
452,818
452,819
452,820
452,821
456,822
456,823
456,824
456,825
466,451
466,454
466,826
466,827
473,828
473,829
473,830
473,285
475,831
475,832
475,833
475,834
477,835
477,836
477,837
477,556
478,838
478,839
478,840
478,841
483,273
483,94
483,842
483,843
485,844
485,845
485,846
485,847
486,848
487,849
487,32
487,850
487,851
488,852
488,731
488,655
488,178
490,853
490,306
490,32
490,854
492,855
492,749
492,856
492,857
494,858
494,859
495,860
495,497
495,495
495,861
500,862
500,152
500,499
500,863
501,196
501,864
501,581
501,38
504,655
504,865
504,178
504,797
506,866
506,867
506,868
506,869
507,870
507,633
507,871
507,872
510,873
510,874
510,875
510,319
511,301
511,277
511,303
511,302
512,284
512,286
512,287
512,285
514,876
514,877
514,878
514,879
516,880
516,881
516,882
516,883
517,884
517,885
517,886
517,887
519,888
519,889
519,890
519,891
521,892
521,893
521,894
521,895
522,296
522,142
522,241
522,139
525,896
525,897
525,898
525,899
527,900
527,901
527,558
527,902
530,903
530,904
530,905
530,906
531,823
531,907
531,908
531,822
532,248
532,249
532,250
532,909
533,910
533,911
533,912
533,913
536,871
536,914
536,915
536,110
537,916
537,917
537,918
537,919
540,920
540,921
540,922
540,839
542,923
542,248
542,924
542,925
543,926
543,927
543,928
543,929
544,930
544,669
544,442
544,266
547,931
547,932
547,933
547,934
549,935
549,598
549,334
549,936
558,340
558,937
558,938
558,939
559,940
559,617
559,392
559,630
560,941
560,942
560,943
561,944
561,147
561,84
561,945
562,946
562,947
562,948
562,949
564,950
564,951
564,952
564,953
565,954
565,955
565,956
565,957
566,628
566,138
566,404
566,958
568,351
568,959
568,960
568,961
569,926
569,962
569,963
569,928
572,964
572,965
572,966
572,967
574,288
574,968
574,969
574,970
576,971
576,671
576,972
576,973
578,974
578,975
578,976
578,977
580,978
580,979
580,980
580,981
581,301
581,200
581,982
581,983
582,948
582,984
582,985
582,946
584,986
584,987
584,988
584,989
585,60
585,801
585,695
585,990
586,860
586,495
586,496
586,991
587,992
587,993
587,994
587,990
588,145
588,995
588,545
588,996
590,692
590,997
590,352
590,624
591,998
591,999
591,1000
591,1001
592,1002
592,1003
592,356
592,1004
593,1005
593,233
593,1006
593,1007
594,1008
594,1009
594,1010
594,1011
595,439
595,1012
595,1013
595,1014
597,796
597,1015
597,1016
597,1017
598,1018
598,1019
598,1020
598,196
599,1021
599,1022
599,1023
599,1024
601,242
601,60
601,1025
601,801
604,860
604,497
604,1026
604,1027
606,1028
606,1029
606,1030
606,1031
608,1032
608,1003
608,1004
608,1033
609,1034
609,1035
609,1036
609,260
610,404
610,35
610,727
610,1037
611,1038
611,1039
611,1040
611,1041
612,32
612,404
612,33
612,35
615,1005
615,233
615,1006
615,1042
617,1043
617,1044
617,1045
617,1046
618,1047
618,1048
618,1049
618,351
620,1050
620,1051
620,1052
620,1053
623,1054
623,1055
623,203
623,844
629,1056
629,1057
629,1058
629,42
630,1059
630,1060
630,1061
630,538
632,1062
632,1063
632,1064
632,535
635,306
635,1065
635,1066
635,1067
636,544
636,542
636,169
636,1068
637,1069
637,1070
637,1071
637,1072
640,1073
640,636
640,571
640,1074
641,908
641,823
641,1075
641,907
643,1076
643,1077
643,1078
643,1079
644,693
644,1080
644,1081
644,242
646,1082
646,1083
646,1084
646,1085
649,399
649,840
649,1086
649,431
650,1087
650,238
650,1088
650,1089
651,1090
651,304
651,1091
651,18
653,1092
653,849
653,1093
653,1094
657,1095
657,1096
657,266
657,1097
658,1098
658,1099
658,1100
658,1101
660,1102
660,1103
660,1104
660,1105
662,658
662,1106
662,1107
662,1108
663,1109
663,425
663,1110
663,975
666,1111
666,576
666,266
666,204
667,1112
667,203
667,741
667,1113
668,1114
668,998
668,999
668,1115
673,1116
673,700
673,1117
673,1118
675,1119
675,1120
675,1121
675,1122
676,1123
676,1124
676,499
676,1125
677,1126
677,1127
677,1128
677,1129
678,1130
678,1131
678,1132
678,1133
679,630
679,1134
679,1135
679,329
680,1136
680,1137
680,1138
680,1139
681,1140
681,931
681,1141
681,1142
684,1071
684,1006
684,812
684,340
685,1143
685,1144
685,242
685,1145
686,1146
686,1147
686,1148
686,1149
687,1150
687,1151
687,1152
687,1153
689,1154
689,388
689,1155
689,1156
693,1157
693,1158
693,1159
693,1160
695,1161
695,1162
695,1163
695,1164
697,1165
697,1166
697,1167
697,1168
700,1169
700,775
700,777
700,905
703,430
703,1170
703,1171
703,1172
704,1173
704,1174
704,1175
704,666
705,1176
705,1177
705,1178
705,1179
707,1180
707,1021
707,1022
707,1181
709,1182
709,1183
709,1088
709,571
710,216
710,1184
710,1185
710,1178
715,1186
715,1187
715,1188
715,1189
716,507
716,1190
716,587
716,1191
718,1192
718,1193
718,1194
718,622
719,573
719,571
719,572
719,248
723,1195
723,1196
723,1197
723,1198
725,1199
725,1200
725,1201
725,1202
727,1203
727,753
727,1204
727,1205
733,1197
733,1206
733,905
733,1207
734,60
734,1208
734,1209
734,1210
736,101
736,261
736,597
736,1211
737,1212
737,1213
737,1214
737,1215
739,1216
739,1217
739,609
739,1218
740,1219
740,1220
740,1221
740,1222
743,1223
743,1224
743,1225
743,1226
745,527
745,691
745,1227
745,262
748,1228
748,329
748,408
748,1229
751,1230
751,309
751,1231
751,793
752,1232
752,1233
752,1234
752,225
757,1235
757,1236
757,1237
757,1238
758,1239
758,1240
758,1241
758,1242
759,1243
759,270
759,1244
759,1245
760,1246
760,1247
760,1248
760,1249
761,1250
761,243
761,110
761,363
762,1251
762,1252
762,1253
762,1254
766,1255
766,1256
766,1257
767,1258
767,1074
767,1119
767,1259
770,1260
770,1127
770,773
770,1261
771,624
771,82
771,1262
771,763
772,1263
772,1264
772,1265
772,1266
773,1267
773,935
773,48
773,1268
774,105
774,1269
774,197
774,405
775,1126
775,1260
775,1270
775,440
776,1271
776,1272
776,1273
776,1274
777,1275
777,1276
777,1277
777,721
779,758
779,1278
779,380
779,1279
780,1280
780,1281
780,1282
780,1283
781,1284
781,1285
781,1286
781,1287
783,1288
783,1289
783,1290
783,1291
784,1292
784,1293
784,1294
784,1295
785,1296
785,1297
785,1298
785,1299
788,1070
788,1300
788,1301
788,1302
789,1056
789,1303
789,1057
789,1304
790,176
790,156
790,1305
790,1306
792,1307
792,176
792,872
792,1308
793,1309
793,1310
793,781
793,1311
796,1312
796,1313
796,1314
796,798
799,1315
799,1316
799,1317
799,1318
800,1319
800,1320
800,1321
800,1322
801,1323
801,418
801,1071
801,1324
803,1325
803,1005
803,1006
803,233
804,1326
804,1327
804,558
804,1328
805,1329
805,1330
805,1331
805,1040
807,1332
807,1333
807,1334
807,1335
810,1336
810,960
810,430
810,1337
811,1338
811,1339
811,1340
811,340
814,1341
814,349
814,1342
814,351
815,1343
815,322
815,1344
815,60
817,616
817,1345
817,319
817,778
818,1346
818,669
818,1347
818,1348
820,1349
820,1350
820,146
820,1351
821,1352
821,228
821,227
821,1353
822,1354
822,1355
822,1356
822,1357
823,432
823,1358
823,236
823,1359
825,581
825,1360
825,902
825,1256
835,1361
835,1362
835,1363
835,1364
838,250
838,1365
838,1366
838,248
839,1367
839,1181
839,1022
839,1368
841,1369
841,1370
841,1239
841,1371
844,1190
844,47
844,322
844,1372
849,1373
849,1374
849,1375
849,1376
850,1377
850,1378
850,1379
850,1380
851,1381
851,1382
851,1383
851,1384
855,1368
855,1180
855,1021
855,1367
858,1385
858,1386
858,1387
858,1388
864,1389
864,866
864,882
864,883
865,499
865,1390
865,3
865,501
866,1391
866,636
866,1392
866,1393
867,1394
867,900
867,1395
867,1056
869,1396
869,1378
869,1397
869,1398
870,1399
870,1400
871,1401
871,1402
871,1403
871,1404
872,1405
872,1406
872,996
872,1407
874,469
874,1408
874,693
874,242
875,1409
875,1410
875,1411
875,1412
877,924
877,1413
877,573
877,1414
879,846
879,1415
879,1416
879,1417
880,1418
880,242
880,60
880,1419
881,1420
881,1421
881,1422
881,1423
882,1424
882,1425
882,1426
882,1054
883,1404
883,1402
883,1427
883,1428
884,934
884,1429
884,1430
884,1292
885,110
885,1431
885,59
885,1432
886,809
886,1433
886,1434
886,1435
887,390
887,257
887,1436
887,1437
889,1421
889,1438
889,1439
889,1440
890,1431
890,1441
890,547
890,1442
892,1443
892,1444
892,1445
892,1446
896,1447
896,1372
896,1448
896,1449
897,1450
897,622
897,930
897,1451
901,1101
901,1098
901,1452
901,1100
904,1453
904,1454
904,1455
904,1456
905,1457
905,874
905,1458
905,1459
906,1460
906,1461
906,1462
906,1463
907,1464
907,98
907,99
907,1465
913,873
913,1466
913,1467
913,1468
914,1469
914,1470
914,1471
914,1472
919,1473
919,1474
919,1475
919,1476
921,1477
921,1478
921,1479
925,274
925,1480
926,1481
926,1482
926,1483
926,1484
933,1485
933,1486
933,1487
933,1050
934,1488
934,1489
934,1490
934,1491
937,777
937,775
937,451
937,1211
938,737
938,1492
938,1154
938,1493
939,1494
939,1251
939,1495
939,1496
940,770
940,769
940,1497
940,1498
942,1181
942,1180
942,1021
942,1024
943,1499
943,1500
943,665
943,1501
945,35
945,138
945,404
945,727
951,1502
951,1503
951,1504
951,1505
955,1506
955,1026
955,860
955,497
957,1507
957,840
957,1508
957,1509
961,1510
961,1511
961,5
961,536
963,1460
963,1512
963,1513
963,1514
965,1515
965,1516
965,628
965,1517
968,1518
968,1519
968,1181
968,1367
969,1520
969,1521
969,1522
969,652
970,1523
970,1524
970,1525
970,1526
973,1098
973,1527
973,1099
973,1528
976,516
976,1529
976,1471
976,464
977,1530
977,1531
977,1532
977,246
979,1533
979,1534
979,385
979,1535
980,1325
980,1006
980,233
980,812
985,1536
985,905
985,1197
985,1148
986,1537
986,1295
986,1538
986,1539
987,54
987,1540
987,1376
987,1541
988,1542
988,1543
989,1262
992,1544
992,1545
992,418
992,205
993,703
993,1546
993,1547
993,701
994,888
994,1548
994,1549
994,1550
996,1551
996,905
996,1197
996,1148
999,466
999,1251
999,1552
999,1252
1002,1553
1002,1536
1002,1554
1002,1148
1006,802
1006,1316
1006,1555
1006,803
1011,1556
1011,752
1011,754
1011,1557
1012,1558
1012,1559
1012,532
1012,1560
1013,1561
1013,1269
1013,1562
1013,87
1017,1563
1017,1564
1017,920
1017,1195
1018,1565
1018,1566
1018,1567
1018,1568
1021,1569
1021,1570
1021,1366
1021,527
1024,757
1024,1310
1024,781
1024,1571
1025,600
1025,1572
1025,1573
1025,1574
1027,1575
1027,1038
1027,1576
1027,1577
1029,1578
1029,614
1029,612
1029,1579
1032,1580
1032,1581
1032,1582
1032,1583
1033,1584
1033,1308
1033,1585
1033,405
1034,1586
1034,289
1034,1587
1034,1588
1037,1089
1037,1589
1037,1590
1037,1591
1040,1592
1040,1593
1040,682
1040,1594
1041,1595
1041,1596
1041,44
1041,1597
1042,1325
1042,1006
1042,1598
1042,1042
1043,198
1043,1599
1043,1600
1043,600
1044,1601
1044,490
1044,1602
1044,1603
1051,1252
1051,1604
1051,1605
1051,1606
1052,1607
1052,1608
1052,1417
1052,1609
1053,1610
1053,1611
1053,1612
1053,1613
1054,1503
1054,1614
1054,161
1054,1615
1056,1616
1056,1617
1056,1618
1056,1619
1058,1620
1058,1621
1058,1622
1059,920
1059,921
1059,1197
1059,1623
1061,260
1061,597
1061,871
1061,572
1062,1624
1062,1487
1062,1625
1062,769
1069,1626
1069,1627
1069,1628
1069,1388
1070,1629
1070,386
1070,1630
1070,67
1075,60
1075,59
1075,1419
1075,1025
1079,1056
1079,558
1079,1631
1079,1632
1081,1633
1081,1634
1081,57
1081,1635
1082,102
1082,1636
1082,1637
1084,1553
1084,905
1084,1536
1084,1638
1085,1639
1085,1640
1085,1641
1085,416
1086,1642
1086,1643
1086,1644
1086,1645
1088,1455
1088,1646
1088,1647
1088,874
1092,1648
1092,1649
1092,1650
1092,1651
1095,1071
1095,1652
1095,1653
1095,1654
1096,1655
1096,811
1096,1656
1096,1657
1098,1658
1098,1659
1098,1660
1098,1661
1099,1662
1099,1663
1099,1664
1099,1665
1107,1666
1107,1059
1107,1667
1107,1668
1109,1669
1109,556
1109,836
1109,1670
1110,1460
1110,1671
1110,1127
1110,1461
1111,1672
1111,242
1111,60
1111,1673
1112,873
1112,1674
1112,1675
1112,1676
1115,1677
1115,1678
1115,1679
1115,1680
1116,1681
1116,1682
1116,1683
1116,1684
1119,1685
1119,1686
1119,1687
1119,1688
1120,1689
1120,1213
1120,1690
1120,1691
1122,251
1122,254
1122,252
1122,253
1123,1024
1123,1367
1123,1181
1123,1021
1124,1692
1124,1693
1124,1694
1124,1695
1125,361
1125,42
1125,265
1125,839
1126,1696
1126,1697
1126,1698
1126,1699
1130,1700
1130,1512
1130,1701
1130,1702
1133,1703
1133,1704
1133,1705
1133,1706
1138,1707
1138,1708
1138,1709
1138,1710
1139,1711
1139,1712
1139,1713
1139,1714
1142,1715
1142,1716
1142,1717
1142,1718
1145,1719
1145,1290
1145,1720
1145,1721
1146,1722
1146,1723
1146,1724
1146,1485
1149,1725
1149,1726
1149,1727
1149,1728
1152,390
1152,388
1152,389
1152,1155
1155,1308
1155,1729
1155,405
1155,1730
1157,1731
1157,483
1157,1732
1157,1733
1158,1734
1158,1735
1158,1736
1158,1737
1161,1738
1161,1739
1161,1740
1161,1652
1163,1741
1163,1742
1163,1743
1163,1744
1164,1745
1164,1746
1164,1495
1164,1747
1166,1748
1166,1749
1166,1750
1166,1751
1167,1752
1167,1753
1167,1754
1167,787
1168,1755
1168,395
1168,1756
1168,1757
1169,1758
1169,1759
1169,1760
1169,1761
1170,1313
1170,1312
1170,1762
1170,1763
1172,900
1172,1764
1172,1765
1172,1766
1173,1767
1173,1768
1173,690
1173,527
1175,1342
1175,1769
1175,1341
1175,407
1180,1770
1180,1771
1180,1772
1180,1773
1182,1774
1182,1775
1182,1776
1182,1777
1183,1778
1183,900
1183,558
1183,1779
1184,608
1184,1216
1184,1217
1184,1780
1187,1781
1187,1782
1187,17
1187,1783
1192,1784
1192,1785
1192,1786
1192,141
1193,1787
1193,1788
1193,627
1193,239
1194,1429
1194,1789
1194,908
1194,1790
1195,1791
1195,1792
1195,1793
1195,1794
1196,1795
1196,1796
1196,1797
1196,1798
1197,1799
1197,447
1197,1800
1197,1801
1198,1802
1198,1803
1198,1804
1198,1805
1199,833
1199,1806
1199,581
1199,216
1200,1807
1200,1808
1200,948
1200,1788
1201,1809
1201,719
1201,1810
1201,1458
1204,1811
1204,1812
1204,1813
1204,110
1207,1814
1207,706
1207,1815
1207,1816
1208,1817
1208,1818
1208,1819
1208,1820
1210,1821
1210,1822
1210,1823
1210,1824
1212,206
1212,1825
1212,1826
1212,216
1215,1827
1215,1828
1215,1829
1215,1830
1216,1098
1216,548
1216,1831
1216,549
1218,307
1218,1832
1218,1833
1218,1834
1220,1835
1220,1836
1220,1837
1220,1838
1223,1839
1223,448
1223,153
1223,1840
1224,1681
1224,1682
1224,1683
1224,1841
1225,801
1225,1842
1225,652
1225,1673
1226,674
1226,766
1226,1556
1226,1337
1228,1843
1228,1844
1228,1433
1228,1711
1230,1845
1230,1846
1230,1847
1230,1184
1232,1848
1232,1849
1232,1850
1232,1851
1236,1852
1236,688
1236,1722
1236,1853
1244,1854
1244,1855
1244,1856
1244,1857
1245,1858
1245,1859
1245,1860
1245,1861
1247,1625
1247,1862
1247,1541
1247,1863
1250,1183
1250,1499
1250,1500
1250,636
1251,1864
1251,1865
1251,1779
1251,1866
1252,1146
1252,931
1252,1867
1252,1623
1253,1868
1253,1508
1253,1694
1253,1869
1254,1195
1254,932
1254,1870
1254,1871
1255,548
1255,1872
1255,1873
1255,551
1258,1563
1258,1874
1258,1875
1258,1876
1260,1877
1260,1878
1260,1879
1260,1225
1261,1880
1261,873
1261,1881
1261,1882
1262,1883
1262,554
1262,1884
1262,555
1265,236
1265,435
1265,432
1265,1359
1268,634
1268,924
1268,527
1268,449
1269,1885
1269,1886
1269,1887
1269,1888
1273,1889
1273,1890
1273,1460
1273,1891
1275,1892
1275,1893
1275,1894
1275,1895
1276,1847
1276,1845
1276,1896
1276,1846
1278,1123
1278,1897
1278,1125
1278,1124
1279,1594
1279,1593
1279,1592
1279,681
1281,1898
1281,500
1281,87
1281,499
1285,948
1285,1808
1285,984
1285,946
1287,1899
1287,1900
1287,924
1287,1165
1288,775
1288,1901
1288,826
1288,1902
1289,1780
1289,609
1289,1217
1289,1218
1290,1903
1290,1904
1290,1828
1290,1829
1291,1905
1291,1906
1291,1201
1291,1907
1294,1908
1294,1909
1294,1910
1294,1911
1296,1912
1296,1913
1296,1914
1296,1120
1297,1915
1297,1916
1297,1917
1297,1918
1299,1919
1299,1015
1299,1920
1299,1921
1308,520
1308,1922
1308,1542
1308,1923
1309,872
1309,1924
1309,1925
1309,1926
1313,1625
1313,1927
1313,1928
1313,1852
1314,1929
1314,1930
1314,1931
1314,1932
1319,828
1319,1933
1319,285
1319,830
1324,1934
1324,896
1324,59
1324,1209
1327,419
1327,1935
1327,418
1327,846
1332,769
1332,771
1332,1498
1332,772
1336,1936
1336,1937
1336,1938
1336,732
1342,1025
1342,60
1342,242
1342,1939
1345,1940
1345,430
1345,1171
1345,902
1346,1941
1346,1942
1346,343
1346,616
1348,1114
1348,998
1348,1943
1348,999
1349,1944
1349,1945
1349,1946
1349,1947
1351,1948
1351,1035
1351,1242
1351,1949
1353,666
1353,1950
1364,1092
1364,851
1364,849
1364,1093
1365,1951
1365,624
1365,1952
1365,1953
1366,1954
1366,266
1366,267
1366,1955
1372,1319
1372,1322
1372,1956
1372,1320
1373,1455
1373,344
1373,20
1373,1957
1375,1409
1375,1958
1375,1412
1375,1959
1377,1960
1377,1961
1377,1962
1377,1963
1379,1964
1379,1965
1379,1760
1379,1966
1380,1967
1380,1968
1380,1969
1380,1970
1382,1971
1382,1972
1382,1973
1382,1974
1385,1975
1385,1976
1385,1651
1385,1977
1389,1978
1389,1979
1389,1980
1389,1981
1390,1982
1390,1983
1390,1984
1390,1985
1392,1986
1392,1987
1392,1988
1392,1989
1394,480
1394,482
1394,141
1394,696
1398,1197
1398,1990
1398,905
1398,1638
1400,1991
1400,1992
1400,1993
1400,34
1401,1994
1401,1995
1401,1996
1401,707
1403,1997
1403,1998
1403,1999
1403,2000
1405,1479
1405,1477
1405,1950
1405,2001
1406,2002
1406,385
1406,2003
1406,2004
1409,2005
1409,2006
1409,2007
1409,2008
1410,2009
1410,2010
1410,45
1410,46
1411,1993
1411,2011
1411,2012
1411,2013
1412,2014
1412,2015
1412,2016
1412,2017
1413,706
1413,2018
1413,2019
1413,2020
1414,2021
1414,355
1414,2022
1415,2023
1415,2024
1415,2025
1415,828
1420,2026
1420,1266
1420,2027
1420,2028
1422,2029
1422,1225
1422,2030
1422,2031
1425,2032
1425,2033
1425,2034
1425,2035
1428,2036
1428,2037
1428,2038
1428,414
1429,1543
1431,2039
1431,2040
1431,2041
1431,2042
1433,1592
1433,681
1433,682
1433,1594
1434,2043
1434,2044
1434,2045
1434,2046
1435,2047
1435,2048
1435,2049
1435,2050
1436,2051
1436,2052
1436,2053
1436,698
1438,2054
1438,2055
1438,2056
1438,808
1441,2057
1441,288
1441,2058
1441,755
1442,1951
1442,2059
1442,2060
1442,2061
1443,2062
1443,2063
1443,2064
1443,2065
1444,2066
1444,2067
1444,2068
1444,2069
1447,948
1447,2070
1447,2071
1447,947
1449,2072
1451,2073
1451,2074
1451,2075
1451,2076
1453,2077
1453,2078
1453,1928
1453,775
1454,2079
1454,1577
1454,2080
1454,2081
1455,32
1455,404
1455,138
1455,33
1460,2082
1460,659
1460,2083
1460,2084
1461,2085
1461,519
1461,2086
1461,518
1463,268
1463,1545
1463,2087
1463,266
1464,589
1464,2088
1464,2089
1464,2090
1465,2091
1465,223
1465,2092
1465,35
1466,2093
1466,2094
1466,216
1466,2095
1467,2096
1467,2049
1467,787
1467,2097
1468,1346
1468,2098
1468,431
1468,902
1469,2099
1469,2100
1469,2101
1469,2102
1472,2103
1472,1299
1472,2104
1472,2105
1475,2106
1475,2107
1475,2108
1475,2109
1478,2110
1478,2111
1478,2112
1478,2113
1479,2114
1479,2115
1479,809
1479,1327
1481,2116
1481,2099
1481,32
1481,2117
1482,2118
1482,2119
1482,2120
1482,2121
1485,2122
1485,1647
1485,669
1489,2123
1489,2124
1489,766
1489,2125
1490,1195
1490,933
1490,1196
1490,931
1493,2126
1493,2127
1493,2128
1493,2129
1494,1771
1494,2130
1494,838
1494,1194
1497,2131
1497,2132
1497,2133
1497,2134
1499,2135
1499,2136
1499,2137
1499,2138
1500,1714
1500,2139
1500,2140
1500,2141
1502,1796
1502,2142
1502,1696
1502,2143
1505,2144
1505,2145
1505,2146
1505,2147
1506,874
1506,873
1506,1015
1506,1674
1508,2148
1508,2149
1508,2150
1508,2151
1514,1696
1514,2152
1514,2153
1514,1698
1515,2154
1515,2155
1515,2156
1515,2157
1517,2062
1517,2158
1517,2159
1517,2160
1519,2019
1519,2020
1519,706
1519,2018
1521,2161
1521,1706
1521,2162
1521,1315
1522,2163
1522,2164
1522,1431
1522,177
1523,2165
1523,2166
1523,2167
1523,301
1524,2168
1524,1297
1524,2103
1524,2104
1529,2169
1529,2170
1529,2171
1529,2172
1535,2173
1535,2174
1535,2125
1535,2175
1537,2176
1537,2177
1537,2178
1537,2179
1538,2180
1538,1490
1538,2181
1538,2182
1541,2183
1541,2184
1541,1078
1541,2185
1542,813
1542,2186
1542,500
1542,551
1543,1536
1543,905
1543,1554
1543,407
1544,2187
1544,2188
1544,2189
1544,2190
1552,773
1552,2191
1552,2192
1552,2193
1556,390
1556,2194
1556,2195
1556,388
1559,2196
1559,2197
1559,2198
1559,2199
1560,2200
1560,2201
1560,2202
1560,2203
1561,2204
1561,2205
1561,2206
1561,2207
1563,2208
1563,2209
1563,2210
1563,32
1564,2211
1564,2212
1564,2213
1564,2214
1567,2215
1567,2216
1567,2217
1567,2218
1570,1298
1570,2219
1570,2104
1570,1299
1573,2220
1573,2221
1573,1433
1573,2222
1574,2223
1574,2224
1574,2225
1574,2226
1578,2227
1578,2228
1578,2229
1578,1850
1579,2230
1579,2231
1579,2232
1579,2233
1587,2234
1587,2235
1587,2236
1587,2237
1588,2238
1588,1241
1588,1948
1588,2239
1592,2240
1592,1588
1592,2241
1592,2242
1593,352
1593,2243
1593,2244
1593,2245
1594,2246
1594,91
1594,170
1594,2247
1596,2248
1596,2249
1596,924
1596,2250
1600,2251
1600,2250
1600,538
1600,2252
1602,2253
1602,2254
1602,2255
1602,2256
1606,1495
1606,2257
1606,1251
1606,466
1608,2258
1608,2259
1608,2260
1608,2261
1611,2262
1611,2263
1611,2264
1611,1732
1612,2265
1612,2049
1612,2266
1612,2267
1615,2268
1615,574
1615,351
1615,597
1617,2269
1617,2270
1617,2271
1617,2272
1619,2273
1619,2274
1619,2275
1619,2276
1620,2277
1620,2278
1620,2279
1620,2280
1621,2281
1621,1522
1621,2282
1621,2283
1626,2284
1626,2285
1626,2286
1626,2287
1627,2288
1627,2289
1627,2290
1627,2291
1629,1774
1629,2292
1629,1266
1629,2293
1630,2294
1630,1924
1630,872
1630,176
1636,2295
1636,2296
1636,2297
1636,624
1638,499
1638,666
1638,6
1638,413
1639,2298
1639,585
1639,431
1639,311
1640,2299
1640,2300
1640,1750
1640,2301
1645,2302
1645,72
1645,2303
1645,2304
1647,1593
1647,681
1647,1592
1647,683
1649,51
1662,1637
1662,2305
1662,1542
1662,1923
1663,2306
1663,2307
1663,2308
1663,2309
1665,2085
1665,520
1665,2310
1665,518
1667,2311
1667,1546
1667,970
1667,2312
1668,2313
1668,271
1668,2314
1668,2315
1671,1811
1671,1812
1671,886
1671,2316
1673,2317
1673,1575
1673,2318
1673,2319
1675,752
1675,1556
1675,755
1675,1994
1676,2217
1676,2320
1676,2321
1676,1852
1677,2322
1677,2323
1677,2324
1677,834
1678,211
1678,448
1678,1537
1678,664
1680,1493
1680,2325
1680,32
1680,2326
1683,2327
1683,2328
1683,376
1683,2329
1685,1996
1685,2330
1685,2331
1685,2332
1688,1563
1688,2333
1688,126
1688,2334
1689,2335
1689,2336
1689,1905
1689,2337
1691,656
1691,2338
1691,32
1691,1765
1693,444
1693,2339
1693,2225
1693,2340
1694,2225
1694,2341
1694,2342
1694,2343
1697,1345
1697,319
1697,1674
1697,778
1699,1154
1699,2344
1699,2345
1699,2346
1700,2347
1700,2348
1700,2349
1700,2350
1701,2351
1701,2352
1701,2353
1701,2354
1702,2355
1702,453
1702,1398
1702,2356
1703,1499
1703,548
1703,2357
1703,549
1706,773
1706,2358
1706,2359
1706,2360
1708,2262
1708,2361
1708,2362
1708,2363
1709,2364
1709,2365
1709,2305
1709,1492
1710,1992
1710,2366
1710,2367
1710,2368
1712,2369
1712,2370
1712,2371
1712,2372
1713,2373
1713,2374
1713,2375
1713,2376
1714,2377
1714,2378
1714,2379
1714,2380
1718,2381
1718,2382
1718,365
1718,1432
1719,2383
1719,1058
1719,2384
1719,2385
1721,2386
1721,2387
1721,2388
1721,1782
1722,413
1722,1195
1722,1196
1722,1870
1724,2219
1724,2103
1724,2104
1724,2105
1725,2389
1725,1906
1725,1201
1725,2390
1727,2391
1727,2392
1727,2393
1727,1827
1728,2394
1728,2395
1728,2396
1728,2397
1729,83
1729,2398
1729,2399
1729,2400
1730,2401
1730,2402
1730,2403
1730,2404
1732,2405
1732,2406
1732,2407
1732,2408
1735,1210
1735,2409
1735,2410
1735,2411
1738,2412
1738,1120
1738,2413
1738,1291
1739,2414
1739,2415
1739,2416
1739,2417
1741,2418
1741,2419
1741,1110
1741,2420
1745,2421
1745,391
1745,296
1745,392
1748,2422
1748,2423
1748,2424
1748,2425
1749,2426
1749,2427
1752,2428
1752,2429
1752,2430
1752,1221
1753,362
1753,2431
1753,1812
1753,1811
1755,2432
1755,2433
1755,1460
1755,2434
1757,505
1757,2435
1757,2436
1757,2437
1761,2043
1761,2045
1761,2438
1761,2439
1762,2440
1762,390
1762,2441
1762,54
1763,2442
1763,2386
1763,2443
1763,2444
1764,2445
1764,2446
1764,2447
1764,2448
1765,1724
1765,1722
1765,2449
1765,1971
1767,2450
1767,2451
1767,2452
1767,2453
1768,1814
1768,2454
1768,2455
1768,2456
1770,2457
1770,2458
1770,2459
1770,2460
1771,388
1771,390
1771,389
1771,2461
1776,2462
1776,2463
1776,99
1776,2464
1779,1666
1779,1596
1779,2058
1779,343
1780,2465
1780,524
1780,2466
1780,525
1783,988
1783,2467
1783,2468
1783,2193
1784,2469
1784,2470
1784,2471
1784,2078
1785,2472
1785,2473
1785,2474
1785,2475
1787,2476
1787,2477
1787,2478
1787,2479
1790,2320
1790,1722
1790,1541
1790,1852
1792,2480
1792,2481
1792,718
1792,2482
1793,2483
1793,157
1793,2484
1793,890
1794,2485
1794,2380
1794,2377
1794,2486
1798,1056
1798,1360
1798,2487
1798,1303
1800,589
1800,2488
1800,2489
1800,2490
1803,2491
1803,2492
1803,2493
1803,2494
1806,2495
1806,1580
1806,1582
1806,2496
1807,2497
1807,2498
1807,2499
1807,2500
1812,2501
1812,2502
1812,2503
1812,2504
1813,516
1813,2505
1813,2506
1813,2507
1814,2508
1814,2509
1814,2510
1814,2511
1817,2512
1817,2513
1817,2514
1817,2515
1819,2516
1819,800
1819,1312
1819,1313
1821,2517
1821,854
1821,2518
1821,2437
1832,2442
1832,1000
1832,1943
1832,2519
1835,142
1835,2520
1835,2521
1835,2522
1837,2510
1837,2523
1837,2511
1837,2524
1840,2525
1840,2420
1840,2526
1840,2527
1842,2528
1842,2529
1842,1751
1842,2530
1843,2531
1843,417
1843,2532
1843,2533
1845,2534
1845,2535
1845,2536
1845,2537
1850,2538
1850,2539
1850,2540
1850,2541
1851,2542
1851,2543
1851,2544
1851,2545
1852,149
1852,2546
1852,2547
1852,2548
1853,2549
1853,2550
1853,2551
1853,2552
1854,2553
1854,2554
1854,2555
1854,2556
1855,2557
1855,2558
1855,2559
1855,2560
1856,1430
1856,2561
1856,1196
1856,2562
1857,2001
1857,262
1857,1477
1857,597
1859,2563
1859,2564
1859,2565
1859,2566
1861,2567
1861,1778
1861,557
1861,329
1862,1271
1862,2568
1862,1326
1862,2569
1864,2570
1864,2571
1864,2572
1864,2573
1865,1799
1865,2574
1865,2575
1865,447
1870,2576
1870,1915
1870,1916
1870,1917
1876,2577
1876,2578
1876,2579
1876,2580
1878,1290
1878,2160
1878,2129
1878,1288
1880,2581
1880,2582
1880,2583
1880,2584
1884,2585
1884,2586
1884,1430
1884,2587
1885,1943
1885,998
1885,2588
1885,2589
1887,2590
1887,2591
1887,2592
1887,2593
1890,2594
1890,2595
1890,2596
1890,2597
1893,2598
1893,2599
1893,2600
1893,2601
1895,1046
1895,1043
1895,2602
1895,2603
1896,2269
1896,2604
1896,2605
1896,1914
1901,2606
1901,573
1901,2607
1901,2400
1903,2608
1903,2609
1903,1851
1903,2610
1904,1176
1904,2611
1904,1177
1904,1178
1905,2612
1905,2613
1905,2614
1905,2615
1909,2616
1909,1034
1909,260
1909,1242
1910,2617
1910,1213
1910,1691
1910,1690
1911,2618
1911,924
1911,948
1911,2243
1912,2619
1912,2620
1912,2621
1912,2622
1913,2623
1913,1690
1913,2624
1913,2625
1915,2626
1915,2627
1915,2628
1915,2629
1918,2630
1918,2631
1918,2632
1918,2633
1921,1021
1921,2634
1921,1180
1921,1024
1925,2635
1925,2175
1925,2125
1925,2636
1927,2637
1927,2638
1927,2639
1927,2640
1928,2641
1928,1370
1928,1567
1928,2642
1931,2643
1931,2644
1931,2645
1931,1549
1933,2646
1933,2647
1933,2648
1933,2649
1939,1706
1939,2650
1939,853
1940,2651
1940,2652
1940,2653
1940,2654
1941,60
1941,1143
1941,2655
1941,2656
1942,1351
1942,2657
1942,2658
1942,2659
1944,2660
1944,2661
1944,2662
1944,571
1945,79
1945,2663
1945,78
1945,2664
1948,2665
1948,2666
1948,2667
1948,2668
1951,2669
1951,2287
1951,2284
1951,2286
1952,2670
1952,2671
1952,2672
1952,2673
1953,2674
1953,1527
1953,1101
1953,2675
1954,2676
1954,2677
1954,2678
1954,2679
1957,2424
1957,2680
1957,2681
1957,2682
1960,830
1960,829
1960,1933
1960,828
1961,2683
1961,624
1961,2684
1961,2685
1965,1740
1965,1071
1965,1652
1965,1063
1970,2686
1970,2687
1970,1829
1970,2392
1971,2688
1971,2451
1971,2450
1971,2453
1972,1850
1972,2024
1972,2025
1972,2689
1973,2690
1973,2691
1973,2692
1973,2693
1975,2694
1975,2695
1975,2696
1975,2697
1976,656
1976,204
1976,2698
1976,1545
1977,2699
1977,2654
1977,2700
1977,2651
1979,2701
1979,2702
1979,2703
1979,2704
1984,2705
1984,2706
1984,2707
1984,2708
1988,2709
1988,2710
1988,2711
1988,2712
1990,1034
1990,1242
1990,946
1990,260
1993,560
1993,2713
1993,900
1993,2714
1998,2715
1998,388
1998,1448
1998,389
1999,585
1999,2716
1999,2298
1999,2717
2000,2718
2000,2719
2000,2720
2000,2721
2003,2722
2003,91
2003,2723
2005,2724
2005,2517
2005,743
2005,1993
2006,2725
2006,2726
2006,2727
2006,2728
2007,2243
2007,2729
2007,2730
2007,924
2008,2056
2008,1047
2008,2731
2008,239
2010,2732
2010,2733
2010,813
2010,2734
2022,2735
2022,2736
2022,2737
2022,2738
2023,2739
2023,2740
2023,2741
2023,2742
2024,2743
2024,2744
2024,2745
2024,2746
2026,2747
2026,737
2026,2748
2027,2341
2027,2749
2027,2750
2027,2751
2028,2253
2028,2752
2028,2256
2028,2255
2029,2517
2029,2753
2030,2754
2030,1098
2030,2674
2030,1101
2032,2755
2032,2130
2032,902
2032,1692
2035,2756
2035,2757
2035,2758
2035,2759
2039,2760
2039,2761
2039,2762
2039,2648
2040,2763
2040,2764
2040,2765
2040,2766
2043,2767
2043,1467
2043,871
2043,2768
2046,2769
2046,2770
2046,2771
2046,2772
2048,1729
2048,839
2048,1881
2048,656
2053,2773
2053,890
2054,2774
2054,2775
2054,259
2054,2776
2057,2777
2057,2778
2057,2779
2057,2780
2058,900
2058,2385
2058,2781
2058,2782
2059,1477
2059,1950
2059,2783
2059,1479
2060,2784
2060,2785
2060,2786
2060,2787
2064,2788
2064,2789
2064,2790
2064,2791
2066,2792
2066,1463
2066,2793
2066,2794
2069,2180
2069,2795
2069,2796
2069,2797
2071,2798
2071,2799
2071,2800
2071,2801
2072,2802
2072,2803
2072,2804
2072,2805
2074,1849
2074,2806
2074,2807
2074,2610
2075,2720
2075,2808
2075,134
2075,1432
2076,2055
2076,2809
2076,2810
2076,2811
2077,2812
2077,1432
2077,1813
2077,326
2078,2813
2078,2814
2078,2625
2078,2815
2080,2498
2080,2500
2080,2816
2080,2497
2081,1210
2081,2409
2081,898
2081,1419
2083,2817
2083,2818
2083,2819
2083,2820
2085,2796
2085,2797
2085,2795
2085,1262
2087,2821
2087,2822
2087,2823
2087,2824
2088,674
2088,1556
2088,1587
2088,2825
2090,1684
2090,2826
2090,2827
2090,1682
2093,2609
2093,1851
2093,1849
2093,2807
2094,2806
2094,2610
2094,2807
2094,1851
2098,1421
2098,1439
2098,2828
2098,2829
2101,2530
2101,1748
2101,1751
2101,2830
2102,1925
2102,2831
2102,2832
2102,2833
2103,2834
2103,395
2103,264
2103,2835
2106,2836
2106,2837
2106,2838
2106,2839
2107,1607
2107,2840
2107,1417
2107,1935
2109,2841
2109,2842
2109,2843
2109,2844
2114,2845
2114,2846
2114,2847
2114,2848
2115,2849
2115,2850
2115,2851
2115,2852
2116,2853
2116,2099
2116,2854
2116,1056
2118,2855
2118,2856
2118,2857
2118,2273
2122,2858
2122,2859
2122,2860
2122,2861
2124,2862
2124,2863
2124,2864
2124,2865
2126,1762
2126,2866
2126,2867
2126,2868
2128,2869
2128,2870
2128,2287
2128,2284
2133,2871
2133,2872
2133,2873
2133,1601
2134,1585
2134,2874
2134,1308
2134,2875
2135,2876
2135,2877
2135,2878
2135,2879
2138,2880
2138,2881
2138,2182
2138,914
2139,2882
2139,2883
2139,2884
2139,2885
2141,2886
2141,2887
2141,2888
2141,2889
2146,2890
2146,2891
2146,2892
2146,2893
2147,390
2147,388
2147,1155
2147,2653
2149,2491
2149,2894
2149,2895
2149,2896
2151,2897
2151,2898
2151,2899
2151,2900
2154,2901
2154,2902
2154,2903
2154,2904
2156,2905
2156,2906
2156,2907
2156,2908
2157,2909
2157,2910
2157,2911
2157,2912
2159,2913
2159,2914
2159,2915
2159,2916
2160,2917
2160,2918
2160,2919
2160,2920
2161,1413
2161,2921
2161,574
2161,2922
2164,2610
2164,2806
2164,1851
2164,1849
2167,2923
2167,2924
2167,2925
2167,2926
2169,2228
2169,2229
2169,2927
2169,2227
2170,2928
2170,2929
2170,676
2170,675
2171,1571
2171,2930
2171,2931
2171,2932
2173,1120
2173,2933
2173,1291
2173,2934
2175,2935
2175,2936
2175,2937
2175,2938
2179,2689
2179,2023
2179,1850
2179,2025
2180,2939
2180,2940
2180,2941
2180,2942
2181,2943
2181,2944
2181,2945
2181,2946
2182,2947
2182,2948
2182,1845
2182,1756
2183,2586
2183,2949
2183,2950
2183,2951
2186,2269
2186,2952
2186,2953
2186,2954
2189,2955
2189,2956
2189,2957
2189,2958
2193,2229
2193,2927
2193,2227
2193,2959
2198,1727
2198,2960
2198,2961
2198,2962
2200,734
2200,735
2200,2963
2200,2964
2202,2965
2202,2025
2202,2966
2202,2967
2204,1262
2204,2968
2204,2969
2204,2970
2206,2971
2206,2972
2206,2973
2206,2974
2207,2975
2207,2976
2207,2977
2207,2978
2209,2979
2209,2980
2209,2014
2209,2981
2210,2982
2210,1869
2210,2983
2210,2984
2214,2985
2214,2986
2214,2987
2214,2988
2215,2025
2215,2024
2215,2023
2215,1850
2216,369
2216,2989
2216,2990
2216,2991
2217,1114
2217,2588
2217,1001
2217,1115
2220,2227
2220,2992
2220,2927
2220,2959
2221,2993
2221,2994
2221,2344
2221,2995
2222,487
2222,2996
2222,666
2222,2997
2223,2927
2223,2228
2223,2998
2223,2959
2224,2999
2224,3000
2224,3001
2224,1519
2227,3002
2227,3003
2227,3004
2227,3005
2232,593
2232,592
2232,1524
2232,390
2234,2131
2234,2132
2234,3006
2234,2134
2235,3007
2235,1268
2235,935
2235,3008
2236,3009
2236,3010
2236,3011
2236,3012
2238,1248
2238,3013
2238,1246
2238,3014
2239,3015
2239,3016
2239,2712
2239,3017
2240,2807
2240,1851
2240,2610
2240,1848
2243,3018
2243,3019
2243,3020
2243,3021
2244,3022
2244,1979
2244,1978
2244,3023
2247,1868
2247,879
2247,3024
2247,3025
2249,2688
2249,2452
2249,2450
2249,2451
2253,2688
2253,2452
2253,2450
2253,2453
2254,2073
2254,2076
2254,2075
2254,2667
2255,3026
2255,3027
2255,3028
2255,3029
2256,3030
2256,3031
2256,3032
2256,3033
2257,3034
2257,3035
2257,3036
2257,3037
2258,3038
2258,3039
2258,2336
2258,3040
2259,2341
2259,2750
2259,3041
2259,3042
2260,2285
2260,2286
2260,2284
2260,2669
2261,3043
2261,2413
2261,1119
2261,3044
2262,3045
2262,3046
2262,3047
2262,3048
2263,3049
2263,2502
2263,2503
2263,2501
2264,365
2264,2431
2264,3050
2264,602
2266,3051
2266,3052
2266,3053
2266,3054
2267,1481
2267,1484
2267,3055
2267,3056
2269,3057
2269,3058
2269,2012
2269,3059
2270,3060
2270,1679
2270,1677
2270,2898
2273,3061
2273,1432
2273,3062
2273,355
2274,3063
2274,3064
2274,3065
2274,3066
2275,2074
2275,3067
2275,2076
2275,2073
2276,3068
2276,3069
2276,3070
2276,3071
2278,3072
2278,3073
2278,3074
2278,3075
2280,3076
2280,3077
2280,3078
2280,3079
2281,3080
2281,3081
2281,3082
2281,3083
2283,1980
2283,3084
2283,2924
2283,3085
2288,3086
2288,3087
2288,3088
2288,2049
2290,3089
2290,3090
2290,3091
2290,3092
2291,3093
2291,3094
2291,980
2291,3095
2292,3096
2292,3097
2292,3098
2292,3099
2293,1101
2293,3100
2293,1577
2293,3101
2294,2006
2294,1282
2294,3102
2294,3103
2295,3104
2295,1477
2295,3105
2295,3106
2298,3107
2298,2032
2298,2034
2298,3108
2302,3109
2302,3110
2302,3111
2302,3112
2304,2025
2304,2966
2304,2965
2304,2967
2305,3113
2305,2634
2305,280
2305,3114
2307,3115
2307,3116
2307,3117
2307,3118
2309,686
2309,688
2309,3119
2309,983
2314,2338
2314,2569
2314,3120
2314,3121
2316,3122
2316,3123
2316,3124
2316,3125
2319,3126
2319,3127
2319,3128
2319,3129
2321,3130
2321,3131
2321,3132
2321,3133
2322,1804
2322,3134
2322,3135
2322,3136
2325,3137
2325,3138
2325,3139
2325,3140
2326,3141
2326,3142
2326,2763
2326,3143
2327,3144
2327,3145
2327,3146
2327,3147
2331,365
2331,3148
2331,3149
2331,3150
2332,1082
2332,1085
2332,3151
2332,3152
2335,3153
2335,3154
2335,3155
2335,3156
2338,1998
2338,1997
2338,3157
2338,1685
2340,3158
2340,3159
2340,3160
2340,3161
2344,518
2344,520
2344,3162
2344,2085
2345,2315
2345,3163
2345,3164
2345,3165
2346,1154
2346,3166
2346,2344
2346,3167
2347,2917
2347,2920
2347,3168
2347,3169
2349,3170
2349,3171
2349,3172
2349,3173
2350,3174
2350,3175
2350,3176
2350,3177
2353,3178
2353,3179
2353,3180
2353,3181
2354,3182
2354,1890
2354,1889
2354,3183
2355,3184
2355,3185
2355,3186
2355,110
2356,3187
2356,3188
2356,3189
2356,3190
2357,683
2357,682
2357,3191
2357,3192
2358,3193
2358,3194
2358,3195
2358,3196
2359,3197
2359,3198
2359,3199
2359,3200
2363,1133
2363,3201
2363,3202
2363,3203
2367,3204
2367,3205
2367,3206
2367,3207
2369,3208
2369,3209
2369,3210
2369,3211
2372,3049
2372,2504
2372,2503
2372,2501
2375,1032
2375,3212
2375,3166
2375,879
2376,2576
2376,1918
2376,1915
2376,3213
2377,2542
2377,3214
2377,3215
2377,2543
2378,3216
2378,2274
2378,2273
2378,3217
2379,3218
2379,2154
2379,3219
2379,2157
2380,3220
2380,3221
2380,1074
2380,2175
2381,984
2381,2071
2381,948
2381,946
2383,3222
2383,2823
2383,2822
2383,2824
2385,3223
2385,3224
2385,3225
2385,3226
2386,2034
2386,3108
2386,3227
2386,2032
2388,3228
2388,3229
2388,3230
2388,3231
2389,1765
2389,3121
2389,3232
2389,3120
2390,3233
2390,998
2390,2589
2390,2588
2391,3234
2391,3235
2391,2157
2391,3236
2396,3237
2396,2072
2396,3238
2396,3239
2398,3240
2398,3241
2398,3242
2398,3243
2402,2730
2402,3244
2402,3245
2402,3246
2403,1717
2403,3247
2403,1718
2403,1716
2406,3248
2406,3249
2406,3250
2406,3251
2408,422
2408,2310
2408,3162
2408,3252
2409,3253
2409,3254
2409,3255
2409,3256
2410,3257
2410,1098
2410,3258
2410,3259
2412,2229
2412,2227
2412,2998
2412,2992
2417,3260
2417,3261
2417,3262
2417,3263
2418,3264
2418,3265
2418,1324
2418,3266
2419,3267
2419,2359
2419,2360
2419,3257
2420,3268
2420,3269
2420,3270
2420,3271
2424,3272
2424,3273
2424,3274
2424,3275
2425,3276
2425,2631
2425,2633
2425,2630
2426,3277
2426,3278
2426,3279
2426,3280
2427,3281
2427,3282
2427,3283
2427,3284
2428,3285
2428,3286
2428,187
2428,4
2429,1045
2429,1043
2429,2603
2429,2602
2431,2016
2431,2014
2431,3287
2431,3288
2432,3289
2432,3290
2432,3291
2432,3292
2434,3293
2434,3206
2434,3294
2434,3295
2436,3296
2436,3297
2436,3298
2436,3299
2439,2959
2439,2992
2439,2227
2439,2927
2441,3300
2441,3301
2441,3302
2441,3303
2445,3304
2445,3305
2445,3306
2445,2386
2446,3307
2446,3308
2446,3309
2446,3310
2449,3311
2449,3312
2449,3313
2449,3314
2450,2899
2450,3315
2450,2898
2450,3316
2452,2154
2452,3218
2452,2156
2452,2157
2454,3317
2454,3318
2454,3319
2454,3320
2458,3321
2458,3322
2458,3323
2458,3324
2460,3218
2460,2156
2460,2157
2460,3325
2461,3326
2461,3327
2461,3328
2461,3329
2463,2496
2463,1581
2463,2495
2463,1580
2464,2637
2464,3330
2464,2541
2464,1802
2466,3331
2466,3332
2466,3333
2466,1613
2468,3334
2468,3335
2468,3336
2468,3337
2470,3338
2470,3339
2470,2802
2470,3340
2471,3065
2471,3341
2471,3064
2471,3342
2472,3343
2472,3344
2472,3345
2472,3346
2473,3347
2473,3348
2473,1960
2473,1962
2476,3349
2476,3350
2476,3351
2476,3352
2477,3353
2477,3354
2477,386
2477,3355
2480,3356
2480,3357
2480,3358
2480,3359
2482,3222
2482,2822
2482,2821
2482,2824
2483,823
2483,907
2483,822
2483,825
2484,3360
2484,3361
2484,3362
2484,3363
2486,3364
2486,3365
2486,3366
2486,3367
2491,3368
2491,3369
2491,3370
2491,3371
2493,3372
2493,3373
2493,3374
2493,3375
2497,3376
2497,3377
2497,2541
2497,2637
2500,3378
2500,3379
2500,3219
2500,3380
2501,3381
2501,3382
2501,1317
2501,3383
2505,2073
2505,3067
2505,3384
2505,2074
2508,3385
2508,3386
2508,3387
2508,3388
2515,3389
2515,3168
2515,2919
2515,2920
2516,3390
2516,3391
2516,3392
2516,3393
2517,3394
2517,3395
2517,3396
2517,3397
2520,3398
2520,3399
2520,3400
2520,3401
2522,3402
2522,3403
2522,3404
2522,3405
2523,2436
2523,3406
2523,3407
2523,3408
2526,3409
2526,3410
2526,3411
2526,2776
2527,3412
2527,3413
2527,2156
2527,3414
2528,3415
2528,1918
2528,2576
2528,1915
2529,2592
2529,3416
2529,3417
2529,3418
2531,3419
2531,3420
2531,3421
2531,3422
2532,3423
2532,3424
2532,3425
2532,3426
2535,3427
2535,3428
2535,3429
2535,3430
2537,520
2537,2085
2537,518
2537,519
2538,2014
2538,3287
2538,3431
2538,3432
2539,3433
2539,3434
2539,3435
2539,3436
2540,2338
2540,3437
2540,3438
2540,1766
2543,3439
2543,3223
2543,3226
2543,3225
2546,3440
2546,3441
2546,3442
2546,3443
2547,2591
2547,2593
2547,3444
2547,2590
2548,1378
2548,3445
2548,3446
2548,1380
2549,3019
2549,3018
2549,3020
2549,3447
2550,3448
2550,3449
2550,3450
2550,3451
2551,3452
2551,3453
2551,3454
2551,3455
2553,3456
2553,3457
2553,2309
2553,2306
2555,3458
2555,3459
2555,3460
2555,2346
2557,2299
2557,2301
2557,2300
2557,3461
2559,3462
2559,3463
2559,3464
2559,3465
2560,3466
2560,3467
2560,3468
2560,3469
2562,3470
2562,2681
2562,2682
2562,3471
2563,3472
2563,1346
2563,3473
2563,3474
2564,3475
2564,3476
2564,3477
2564,3478
2565,3479
2565,3480
2565,3481
2565,3482
2566,3483
2566,3484
2566,3485
2566,3486
2567,3487
2567,3488
2567,3489
2567,3490
2569,3491
2569,3492
2569,3493
2569,3494
2570,3495
2570,3496
2570,3497
2570,3498
2571,3499
2571,3500
2571,3501
2571,3502
2572,311
2572,312
2572,313
2572,552
2573,828
2573,2014
2573,2763
2573,3503
2574,3504
2574,3505
2574,3506
2574,3507
2576,3288
2576,2015
2576,2017
2576,2016
2579,3508
2579,3509
2579,3510
2579,3511
2580,2667
2580,3512
2580,3513
2580,3514
2581,3022
2581,3515
2581,3023
2581,1978
2584,3516
2584,3517
2584,1312
2584,798
2585,3518
2585,3519
2585,3520
2585,3521
2586,2904
2586,3522
2586,3523
2586,3524
2588,3525
2588,3526
2588,3527
2588,3528
2589,3529
2589,3530
2589,3531
2589,3532
2592,3533
2592,2915
2592,2916
2592,3534
2593,3535
2593,3536
2593,3537
2593,3538
2594,3539
2594,3540
2594,3541
2594,3542
2595,3049
2595,2504
2595,2503
2595,2502
2596,828
2596,2927
2596,284
2596,3543
2597,3544
2597,2006
2597,3545
2597,3546
2599,3547
2599,3548
2599,3549
2599,3550
2600,3506
2600,3551
2600,3552
2600,3553
2603,3060
2603,1680
2603,3554
2603,1677
2605,3555
2605,3556
2605,3557
2605,3558
2607,3559
2607,3560
2607,3561
2607,3562
2610,3563
2610,3138
2610,3140
2610,3137
2611,3564
2611,3565
2611,3566
2611,2667
2613,734
2613,3567
2613,3568
2613,3569
2614,3570
2614,2491
2614,3571
2614,3572
2617,3573
2617,3574
2617,3575
2617,3576
2618,2680
2618,3470
2618,3471
2618,3577
2619,3578
2619,3579
2619,3580
2619,2014
2620,828
2620,1850
2620,2023
2620,2689
2621,3581
2621,3292
2621,3582
2621,3291
2622,3583
2622,3584
2622,3585
2622,3586
2623,2667
2623,3587
2623,3588
2623,3589
2624,3590
2624,3591
2624,3592
2624,3593
2628,3594
2628,3595
2628,3409
2628,3402
2630,3442
2630,3596
2630,3440
2630,3443
2632,3574
2632,3573
2632,3597
2632,3598
2633,3599
2633,3600
2633,3115
2633,3601
2634,2341
2634,3041
2634,2343
2634,3042
2635,3602
2635,3603
2635,3604
2635,3605
2636,3606
2636,3607
2636,3608
2636,227
2637,3288
2637,2017
2637,3609
2637,2014
2638,2823
2638,3222
2638,2821
2638,2824
2640,3610
2640,3611
2640,3612
2640,3613
2641,3614
2641,3114
2641,3113
2641,3615
2642,3616
2642,3617
2642,3618
2642,3619
2646,3620
2646,3621
2646,3622
2646,3623
2647,2788
2647,3624
2647,2789
2647,3625
2649,3626
2649,3575
2649,3598
2649,3597
2650,3627
2650,2528
2650,3628
2650,2307
2651,3629
2651,3630
2651,3631
2651,3632
2654,3276
2654,2632
2654,2631
2654,2633
2656,3633
2656,3634
2656,3635
2656,3636
2657,3637
2657,3638
2657,3639
2657,3640
2658,3641
2658,3642
2658,3643
2658,3644
2659,3645
2659,3646
2659,3647
2659,3206
2660,3648
2660,3276
2660,2633
2660,2630
2661,3649
2661,3650
2661,3651
2661,2549
2662,3652
2662,3653
2662,3654
2662,3655
2664,3656
2664,3657
2664,3658
2664,3659
2665,3660
2665,3506
2665,3661
2665,3662
2666,818
2666,821
2666,3663
2666,3664
2667,3665
2667,3666
2667,3667
2667,3668
2668,2425
2668,2579
2668,2580
2668,2577
2669,3669
2669,3670
2669,3671
2669,3672
2671,2032
2671,3107
2671,3108
2671,2033
2672,3673
2672,3674
2672,3675
2672,3676
2673,3677
2673,3678
2673,2412
2673,1119
2674,3574
2674,3597
2674,3598
2674,3626
2675,3679
2675,3680
2675,2665
2675,3681
2676,2578
2676,2425
2676,2580
2676,2577
2677,3682
2677,3683
2677,3684
2677,3685
2678,3686
2678,3687
2678,3400
2678,3399
2679,2592
2679,3688
2679,3689
2679,2590
2681,2632
2681,3276
2681,2633
2681,2630
2682,3690
2682,3691
2682,2346
2682,3692
2683,3693
2683,2633
2683,3694
2683,2631
2684,3644
2684,3695
2684,3642
2684,3696
2685,1677
2685,3060
2685,3554
2685,3085
2686,1324
2686,1911
2686,3697
2686,3698
2687,2633
2687,2631
2687,2632
2687,3693
2689,3679
2689,2667
2689,3699
2689,3700
2690,3701
2690,3702
2690,3703
2690,3704
2691,3441
2691,3596
2691,3443
2691,3442
2692,3705
2692,3706
2692,3707
2692,3708
2693,3709
2693,3710
2693,3711
2693,3712
2694,3499
2694,3713
2694,3714
2694,3502
2695,3715
2695,1166
2695,3716
2695,3717
2696,2579
2696,2425
2696,2578
2696,3718
2697,3719
2697,3720
2697,3721
2697,3722
2698,3723
2698,3724
2698,3725
2698,3726
2699,3727
2699,3590
2699,3591
2699,3592
2700,2338
2700,2569
2700,3121
2700,1765
2701,3614
2701,3113
2701,3728
2701,3729
2702,3730
2702,3731
2702,3732
2702,3733
2703,3734
2703,3735
2703,3736
2703,3737
2704,2667
2704,3738
2704,3739
2704,2073
2705,3740
2705,3741
2705,3742
2705,3743
2707,3744
2707,3745
2707,3746
2707,3747
2709,3748
2709,3749
2709,3648
2710,3614
2710,3113
2710,3750
2710,3751
2711,3752
2711,3753
2711,3754
2711,3344
2712,3755
2712,3756
2712,3757
2712,3758
2713,3398
2713,3686
2713,3759
2713,3687
2714,3760
2714,3761
2714,3762
2714,3763
2715,3764
2715,3765
2715,3766
2715,3767
2718,3768
2718,3769
2718,3770
2718,3771
2719,3772
2719,3773
2719,3774
2719,3775
2720,3776
2720,3777
2720,3778
2720,3779
2721,3504
2721,3780
2721,3505
2721,2476
2722,3781
2722,3782
2722,3783
2722,3784
2723,3629
2723,3785
2723,3786
2723,3632
2725,3597
2725,3574
2725,3576
2725,3573
2726,2424
2726,3787
2726,3788
2726,3789
2727,3790
2727,3791
2727,3792
2727,3793
2729,3794
2729,3795
2729,3168
2729,3796
2731,3797
2731,3798
2731,3799
2731,3800
2732,3801
2732,3802
2732,806
2732,3803
2733,3804
2733,3805
2733,3806
2733,3807
2734,3800
2734,3808
2734,3809
2734,3810
2735,3811
2735,3812
2735,3813
2735,3814
2737,3815
2737,3816
2737,3817
2737,3818
2738,3819
2738,3820
2738,3821
2738,3822
2740,3823
2740,3798
2740,3797
2740,3800
2741,3824
2741,3825
2741,3826
2741,3827
2742,3828
2742,3829
2742,3830
2742,3831
2743,3832
2743,3642
2743,3833
2743,3834
2744,3835
2744,3836
2744,3837
2744,3321
2745,3838
2745,3839
2745,3840
2745,3841
2746,3842
2746,3843
2746,3844
2746,3845
2748,3846
2748,3847
2748,3848
2748,3849
2749,3821
2749,3850
2749,3851
2749,3852
2752,3853
2752,3854
2752,3855
2752,3856
