3587	33
3210	179
7993	394
6674	204
12434	33
5239	373
3633	33
1086	248
4212	421
3970	33
12067	373
5700	33
1104	314
4273	33
2330	373
9888	373
793	369
2972	33
8243	162
8301	32
5891	401
12261	32
1105	453
2410	13
6397	373
5653	204
3837	33
1476	13
1326	162
3546	33
8410	314
2128	341
661	33
10	422
2401	373
11464	374
11279	88
6214	136
12137	11
4026	79
1068	373
1684	314
4487	13
11945	105
11217	114
12200	33
11378	339
5968	314
5280	373
243	33
8971	327
3213	162
12087	373
3356	314
11784	309
10041	208
2623	13
4260	33
4764	373
1544	105
11707	20
9211	373
2871	7
1195	13
9174	33
1505	421
205	11
9165	162
5880	33
4932	441
13011	373
11183	130
6192	32
8274	137
3235	158
8153	33
11710	162
11099	373
5279	32
12127	32
9487	351
7128	137
5027	314
1595	395
2325	16
2328	11
2329	314
5713	34
6353	11
10197	32
2551	162
10200	33
3918	373
2348	309
12184	32
5095	79
9946	33
6834	13
8940	137
7334	82
8464	33
6423	68
11598	34
6977	373
9345	292
660	33
5655	314
7966	373
4415	110
1494	309
9958	33
6981	309
3533	33
11480	373
5413	422
7089	373
9121	373
2501	68
6628	33
11331	314
7396	26
10262	150
7945	33
4101	373
1623	373
3654	136
8905	266
8694	373
7857	11
1321	309
3745	162
11997	68
2137	33
163	394
6849	27
4073	68
8908	96
5673	33
7006	33
7205	68
11300	373
8754	33
6239	418
12109	137
5643	373
7668	33
10289	33
7092	105
7314	109
5297	373
2620	162
10374	26
3272	309
681	13
10256	204
6204	33
12062	421
3644	157
2046	33
3202	11
12750	453
6602	33
1954	33
9033	373
116	373
2845	137
3258	33
601	373
1387	82
4448	422
8455	150
1679	152
8543	248
2398	33
10894	33
3940	105
9280	33
12165	359
552	33
9369	421
4517	33
9073	394
8409	33
10506	33
11131	80
11327	373
473	414
2342	137
9430	204
670	423
11141	33
270	33
9426	105
4940	33
5740	421
10110	33
5771	421
3270	309
10570	13
11406	373
10124	33
2273	65
6865	373
7980	314
413	33
4445	105
1415	33
1925	373
3487	33
8043	421
10680	373
12365	152
10444	68
1982	373
5206	309
6223	32
12520	149
12339	373
12341	203
3053	373
12046	13
6215	33
1282	33
3856	395
3624	136
5723	33
6506	373
12319	150
4422	421
10005	373
3999	247
3571	33
3119	33
6098	308
10476	316
7662	373
6282	373
3544	105
8021	26
3107	394
10226	94
3573	79
12291	33
5892	33
3381	12
6624	33
12861	32
10631	309
5199	373
5220	348
8796	394
7113	373
3506	20
455	327
4673	33
12562	373
7568	33
8631	359
9241	373
7013	162
8536	11
7342	292
7344	314
4227	33
2121	348
2177	136
9267	33
3395	11
9680	373
12303	33
921	373
7044	309
9621	79
2284	13
3601	373
3389	32
3495	33
9533	143
9895	33
7045	422
8315	328
3094	34
6737	421
5335	314
4140	373
11359	401
9637	314
12159	373
4617	13
544	32
5698	11
4379	80
8015	373
10573	421
2453	11
3417	33
6803	309
6592	373
912	373
3554	33
1145	314
6064	11
5346	68
9301	54
3511	33
7905	373
9571	33
12477	421
10397	57
506	13
5798	33
2701	11
316	373
12710	33
6941	32
5957	373
10859	399
8973	33
3930	33
184	143
10228	373
7343	162
812	314
6504	373
9796	105
11815	373
6739	373
9736	33
1448	82
122	34
1810	33
7544	33
3444	13
3367	136
8022	414
2988	248
8611	373
1196	373
9163	441
3534	373
5289	325
9061	105
11778	53
2881	204
10100	228
7096	441
12389	13
9963	13
9592	11
12016	33
9788	373
9799	292
8226	157
10160	33
10419	441
11847	110
9883	53
11829	33
7380	373
2798	373
12566	395
11290	32
3027	68
7368	13
4348	292
7517	33
3149	33
6259	11
6070	364
3592	68
6033	33
1771	373
12977	162
1975	414
12495	341
5923	11
12348	256
7296	13
2627	373
12358	33
7431	33
7429	373
11953	309
11000	11
3047	33
11822	373
5972	373
4394	373
8703	11
12701	421
4288	258
11009	421
12947	373
476	421
234	105
7249	373
1201	13
9256	441
10467	309
4276	162
12946	11
1527	373
10475	33
6655	314
60	33
3459	13
2299	373
2321	373
9901	31
9898	214
12621	27
8846	373
9320	373
3555	33
12888	373
12033	373
11545	314
11051	314
7259	105
10055	162
3273	373
7774	13
9981	314
1854	259
10385	395
11560	11
3004	129
8577	247
10428	68
168	373
7758	33
12198	53
7167	33
7372	162
2366	373
558	43
11229	373
11460	33
12285	33
2224	33
12502	373
2653	373
10830	32
7934	33
2413	33
9381	11
269	11
6099	422
2870	359
6702	277
12060	26
11971	18
4019	13
4186	373
706	33
10230	34
1406	373
9951	421
8441	33
8240	373
12903	26
1573	20
5538	373
7120	373
6583	68
5241	33
10667	33
2814	422
7691	33
5127	373
8785	137
8548	33
7826	20
2113	421
6148	32
1164	373
4211	441
6410	177
3902	373
1557	373
1225	394
1030	373
7253	373
9379	373
1797	33
8460	33
9140	33
10092	373
11970	309
7653	33
6038	373
7377	243
4675	341
2792	33
12277	105
213	162
5173	68
11957	57
7655	13
11459	32
2679	309
10151	373
12012	247
334	34
11161	373
4158	309
9041	373
8592	33
589	13
2495	162
4985	314
8500	351
9878	33
5412	113
6759	33
11304	33
10480	79
1408	309
9366	13
6224	422
4283	11
2423	421
8205	314
10849	34
9356	421
10597	314
5731	129
3063	33
2012	33
888	248
8297	314
12918	33
12084	33
10888	11
6836	373
11873	309
3467	33
2404	33
644	421
9066	33
4063	373
7261	33
4047	33
3260	132
2395	421
2965	33
8346	11
10732	258
1628	292
2529	33
7530	33
3713	68
827	33
6498	373
11026	421
4460	373
10213	434
9549	150
5986	421
1101	32
7793	300
11977	33
73	373
4680	33
906	105
8739	314
1004	33
5424	373
11801	373
4377	13
4798	351
12965	373
9477	13
10162	421
9169	13
1414	32
7460	373
10936	33
10455	416
10332	79
3636	162
7210	373
4096	239
8457	33
3164	316
4391	421
11610	175
11872	33
6822	422
8208	314
7617	143
7614	105
4478	162
675	33
5486	373
1131	247
10003	421
12115	421
8027	398
6121	162
12925	79
6787	373
11182	218
8820	33
12808	26
330	143
6166	422
10749	373
5216	373
3170	33
227	367
5938	131
6474	33
7551	33
4411	314
11139	292
11919	373
10442	137
9882	421
1711	33
3396	373
2824	373
10128	162
441	11
8855	373
8625	33
1745	314
813	136
816	13
7350	359
492	394
7043	33
479	373
8339	33
8324	33
6577	162
8741	314
8101	162
11972	373
12636	33
7792	33
12893	13
9851	373
7082	11
10581	136
2275	373
3139	33
8878	373
2050	33
11589	373
2300	61
3550	416
8125	421
10953	33
11619	20
97	68
1520	7
10074	33
1290	13
3093	129
2339	314
4690	144
11374	373
11211	20
2605	33
8821	314
10233	33
6813	162
10450	33
5603	33
652	53
1275	129
8712	32
8491	309
6519	162
8229	33
8948	416
2185	33
5544	33
7741	314
7521	33
6450	13
8718	33
8947	13
7608	33
146	373
9294	421
10354	207
8533	13
1630	248
10071	33
9609	13
2241	11
5262	143
1863	373
12132	33
842	349
10236	33
11475	33
8984	373
4384	373
6579	11
74	33
3375	33
8319	441
12920	33
11410	450
2498	309
581	85
4651	162
5113	395
10603	33
10410	215
11092	32
2092	139
6431	11
1023	373
776	162
11575	31
9159	105
12129	373
2242	13
3268	385
10108	33
700	33
7559	33
2980	105
818	8
8506	441
3222	33
12471	33
6768	162
6324	421
2402	33
1618	373
2882	373
1437	373
8952	33
2689	13
7198	396
8839	366
6034	11
4054	422
10044	373
3378	68
9587	373
2254	373
3001	33
3583	373
412	33
4443	414
6306	33
11135	33
4414	421
2996	105
7550	33
9907	13
6980	79
1242	309
11650	423
7175	373
12080	370
3369	105
11916	13
11626	105
5300	421
4707	373
5860	33
3794	314
10018	90
4700	11
4518	33
5926	27
3864	409
7026	203
12462	229
8849	33
4733	394
11986	194
232	373
12518	373
4747	33
7222	33
7991	236
6815	33
10409	33
1700	34
5439	194
8765	13
10883	33
5591	13
5331	16
8129	373
4488	33
8404	33
4315	150
7107	20
2568	33
12886	162
3516	17
2868	373
6254	309
4296	373
6376	13
610	61
10852	30
7234	11
7023	35
5126	11
2256	13
7340	33
3893	33
9077	162
4722	33
3535	68
9520	27
2308	33
4662	242
11097	33
5429	349
4871	373
87	373
9752	33
6798	373
297	33
9513	243
10015	373
120	55
8308	33
12523	33
1091	61
4935	34
4044	33
7762	266
2143	33
9217	373
9670	441
804	33
9618	171
10327	373
6693	150
8113	314
5595	33
5597	175
7468	314
11487	441
12992	33
12233	373
3220	373
3221	373
1001	314
3003	129
9669	162
10967	11
7177	33
1503	33
1420	162
6830	33
8668	132
3874	33
6077	33
11769	162
7399	33
2666	33
11198	162
3286	441
7391	79
4437	421
139	373
2597	80
5088	373
1044	54
3817	373
12508	421
7892	312
10776	33
9083	33
1870	416
11311	373
8196	33
2776	373
1875	79
2007	33
1211	33
5956	247
4567	421
10030	394
8874	443
913	373
4110	359
8427	373
10821	341
1253	45
5551	204
7755	373
8330	34
3706	11
9025	373
10979	395
2673	373
12722	373
4768	314
8674	83
7704	33
625	33
3747	68
3523	33
12168	373
5786	27
4009	400
3758	11
10112	11
1141	79
11535	33
13001	32
2058	33
5969	33
1226	317
7987	373
12817	20
9215	314
4362	137
12688	137
11655	68
5620	33
307	162
3059	314
9002	395
5964	33
4402	309
6438	373
11516	125
12316	373
112	373
4421	27
12590	33
10396	373
1753	367
8906	314
9547	33
10053	156
4590	373
6404	33
6850	136
6847	162
1638	394
6837	27
10843	422
9445	33
4265	398
4925	373
3269	394
6406	414
12210	162
9304	33
12433	13
4719	373
892	450
9794	373
7164	33
7789	373
2063	137
4225	137
11532	13
4756	292
959	162
8938	395
6750	309
1814	373
303	373
10280	314
6643	162
6984	373
1336	32
10324	13
33	373
9024	162
12266	441
3250	309
119	33
9193	314
3994	68
9314	33
4240	26
4241	79
1955	32
4074	105
12421	395
12970	208
5489	31
691	32
543	373
9948	33
3206	34
4236	13
8103	20
9015	393
1974	419
12322	373
1284	373
9212	309
2250	314
2360	33
8929	33
6889	162
341	309
6755	373
929	33
1364	256
1126	11
6421	105
8744	314
5754	33
1691	11
1897	68
296	27
2112	293
5275	13
7286	33
8644	341
5618	59
11486	105
9847	11
6873	373
1658	314
7971	348
2225	33
344	68
190	33
5995	27
4189	33
9510	314
6786	373
5853	373
11754	33
7972	260
6072	314
10975	33
7007	32
7666	33
2803	19
1332	373
4948	239
8452	373
7998	164
9393	421
1066	208
4222	373
11893	53
875	33
7949	13
2180	373
3477	373
4869	436
12871	33
4880	314
7192	68
9091	13
12547	33
5598	33
11894	33
726	33
4780	373
7732	292
12879	32
7217	441
7063	417
2271	162
8388	34
3638	421
9823	373
2464	239
12378	373
7151	314
10310	441
2260	13
5192	373
4087	373
6851	33
9835	68
10787	86
11676	309
10707	392
8544	373
594	373
8725	33
9710	314
4735	79
12950	33
8903	13
725	33
7397	33
11393	373
3656	7
2691	88
12260	394
9409	26
531	373
6517	314
1965	373
7442	373
11723	314
13020	66
4558	373
687	82
1589	314
2042	436
6260	79
3708	373
12576	33
3614	33
11274	373
23	373
3331	421
7898	137
972	13
5678	33
1586	367
1818	11
5204	33
10784	314
3110	33
2425	68
5473	436
3682	33
11794	373
7952	33
2481	314
9288	450
12764	320
11175	33
9801	68
11630	33
9866	13
9048	162
10486	13
8075	373
1050	68
10149	105
2363	434
8046	33
7938	33
9202	33
2783	20
4812	68
7041	294
1139	314
12045	68
12555	33
2767	11
982	33
2888	105
7139	373
4361	68
9897	13
12317	373
7005	32
3626	33
8650	79
8687	33
542	13
8663	33
11703	395
11528	239
10781	162
6078	11
12595	373
9334	13
6698	162
1568	13
2799	33
5511	373
7244	373
2736	33
828	417
12694	33
2950	53
9575	406
6651	309
786	441
12224	137
5487	314
3026	33
2094	33
4120	373
10346	414
11600	309
3807	33
12933	79
5559	33
9999	452
6725	33
1006	68
590	314
12452	33
11268	88
7665	33
11222	373
7403	34
998	33
3783	373
7371	314
8956	11
7748	441
5046	309
10864	292
1670	373
7829	395
12393	395
4830	11
9286	33
11796	33
2420	68
12884	33
3136	54
11376	33
10401	416
12642	33
6852	136
1716	13
7710	314
11481	129
1942	33
377	31
8853	34
3036	33
4431	373
5981	33
1035	33
433	11
8247	421
8084	372
2582	394
5001	416
5762	263
5817	325
6185	33
5744	33
5163	13
6633	373
6350	11
1654	33
5876	373
5443	33
3430	68
2851	373
8280	351
5777	12
12450	394
9876	328
6630	373
1921	373
1078	321
8763	162
6892	26
6090	373
8430	373
3881	33
8909	11
8228	33
516	421
7189	341
12986	309
6036	309
10046	416
9994	162
3827	373
10924	421
12793	314
7051	373
9658	63
4389	309
1259	341
9834	373
10178	33
5284	33
10115	309
4103	34
6749	273
12854	34
10908	309
5407	33
3227	33
10652	33
12806	373
3969	32
10469	33
6804	314
4208	105
5725	341
9022	33
12251	33
11766	68
2520	33
76	416
7290	68
4642	373
3329	33
8810	33
10627	373
1487	208
9988	33
4906	373
12267	33
7147	254
4994	53
12491	31
4908	242
1351	441
3159	373
7	162
3058	33
2186	314
10942	373
3095	373
649	162
4340	33
2543	421
2768	373
3126	367
6648	248
3873	13
9572	373
11745	309
7926	373
4338	33
180	105
8804	297
5651	373
1128	68
761	373
5356	314
7322	68
3742	33
8150	367
4176	33
1971	373
6538	33
11411	373
1344	33
11713	81
8249	11
7384	33
2439	164
1039	13
1824	373
5954	105
11649	314
8303	11
1192	421
10026	421
5101	373
2073	32
11190	309
9011	421
9410	436
9689	7
12375	11
8468	373
2027	79
11497	33
9902	158
5664	68
4003	137
1886	33
6422	13
5388	105
1972	33
11191	136
7589	88
10462	33
674	33
9368	373
11034	33
2953	79
7058	373
683	32
4539	158
4639	395
8764	11
4989	13
5548	33
4187	27
3871	428
1312	170
6785	11
2399	248
2286	421
8728	421
9214	33
11840	136
9469	373
323	59
2656	33
11372	140
9489	53
7841	314
7913	136
6694	394
7310	421
185	34
1853	68
10361	13
10204	414
653	34
1106	335
9824	33
8364	373
193	373
8140	33
11951	309
11243	13
10150	32
7700	441
781	312
6616	13
1261	13
6563	80
9601	314
10980	180
7258	373
7491	137
12511	61
5014	33
12961	373
4629	162
115	79
2014	373
4551	208
6400	20
3393	33
9798	13
320	33
2217	129
983	373
4753	33
11176	395
12078	68
17	373
11455	421
10114	33
7883	32
2649	33
1772	314
10483	85
9199	373
12384	33
3049	294
4320	373
465	309
3938	33
4457	13
5979	247
2456	33
7446	373
783	373
4264	158
11946	208
3215	13
5623	20
4123	53
1154	373
2717	421
6809	33
9742	414
5717	373
5621	11
4343	33
7028	416
5568	436
10568	34
708	11
10279	110
6846	13
10650	242
10770	416
10038	351
1991	373
3736	162
11382	373
1464	33
7486	80
7500	373
13015	79
2197	373
4897	33
823	104
8185	309
4242	33
4256	27
7806	400
12336	33
2101	421
2076	33
12052	395
6118	88
2771	395
11636	314
5359	314
10572	309
8164	105
2435	33
1840	8
11538	34
1983	33
12459	33
6020	87
1423	373
9358	33
6875	79
2820	162
3143	373
2070	314
8989	162
11029	32
7105	373
2621	13
4571	327
7358	265
1507	162
3611	68
6753	258
12591	68
8587	68
11918	33
1492	421
10992	33
471	13
635	68
1616	79
8277	33
6131	359
9500	394
12849	373
4992	314
2023	33
472	373
4560	421
318	373
2134	26
10011	13
8793	436
10845	33
7548	68
12492	105
12833	373
11023	33
8997	34
454	13
12306	391
911	292
2141	80
10468	105
10812	33
1746	309
25	162
9422	33
12529	105
5382	13
8350	26
6939	421
7803	296
10263	395
8403	13
12089	68
360	33
9584	421
5841	373
10096	136
8290	373
6271	341
2941	309
8391	33
7466	373
2036	33
8461	314
3035	33
5940	373
11817	309
9076	26
12225	394
9272	33
3990	373
8959	373
7696	359
3531	340
4238	53
6061	13
6468	33
2386	264
3971	103
11701	314
1061	208
4916	118
3804	314
1993	33
8591	13
10048	314
7483	373
1738	105
5136	34
8283	33
2787	373
669	236
4858	153
9636	314
11522	395
8378	175
10872	33
1040	34
10577	309
274	351
11325	33
7469	26
3158	26
10342	105
8920	33
11954	33
7638	373
10861	367
2602	33
9466	373
5336	314
7075	351
821	33
10868	105
4613	91
5814	152
3995	90
4522	175
10155	395
1206	26
12585	33
3509	33
5202	373
65	33
9663	4
9739	33
10421	137
4808	216
3016	33
2407	13
7121	105
3512	373
12204	441
12113	33
2335	373
7928	32
9607	33
10435	373
769	162
8501	309
3882	68
2831	433
11719	33
11484	373
449	373
7960	20
2939	247
3496	20
9251	33
6269	33
4650	373
11254	33
6332	309
4027	441
8994	150
12066	373
553	373
3892	373
9270	53
10402	33
6446	11
6379	373
2320	79
8998	33
3784	373
12557	417
8656	421
4094	143
5842	27
3040	228
368	367
8370	33
5030	105
9349	373
12465	441
6617	373
2773	68
11471	33
5904	33
8691	395
668	314
480	450
5696	121
799	13
5406	33
5140	421
10960	92
10105	373
778	33
7641	373
7402	33
4483	32
1706	351
6523	33
5728	33
9216	32
12435	11
5123	33
4555	7
6451	33
2356	158
11880	198
5169	13
5569	33
5405	373
4223	373
8715	33
2351	421
4180	33
4230	421
5134	203
2788	26
8624	314
10414	408
3850	373
5793	373
2151	373
1304	395
2333	373
11905	314
9711	310
2810	373
11620	414
5826	33
1668	33
2547	373
1509	162
5974	33
1020	33
10059	33
5425	394
10527	367
11107	373
6292	11
8392	373
12256	132
2024	175
11734	162
2061	359
2253	416
10569	373
1356	373
1985	208
1967	162
10260	421
5415	373
11940	214
4399	314
428	33
10296	105
4822	33
3365	174
7956	82
4874	33
6713	150
7420	162
4968	13
6778	162
10897	33
1790	13
9526	373
2365	242
6960	26
775	32
4505	53
9995	373
2198	208
9721	33
7475	53
7056	26
12296	13
855	314
7108	27
5626	13
6460	26
3517	292
8278	33
1234	373
175	441
10591	351
11015	20
9347	13
3135	247
12487	11
2069	33
11214	373
1536	421
9341	373
9952	373
1899	314
7267	33
3138	33
11981	162
10120	33
4755	314
4649	33
3617	394
8926	309
8925	314
5465	33
10312	33
958	360
1197	373
5247	401
8417	162
1267	441
7610	11
4442	83
3756	12
6278	416
2952	33
7187	33
11611	13
7528	373
4625	80
6413	422
5582	373
1315	292
11253	373
264	33
8320	33
8583	33
8893	373
7728	33
4214	86
10187	441
9243	105
7238	33
11853	33
7346	152
1037	373
7705	33
6106	33
3482	33
4433	373
7303	419
7482	373
3781	373
3779	33
5057	33
327	33
12847	373
11478	33
4863	33
10317	77
11424	312
1582	53
1340	181
715	395
1641	34
6150	80
6202	68
10445	105
6218	421
12659	373
615	13
8632	373
9049	373
5303	395
6247	373
927	33
4952	13
12199	373
5144	373
8141	16
5375	34
10902	414
1107	363
11149	33
7361	12
10531	242
10851	373
1255	328
389	373
6799	33
5881	441
8104	33
6418	314
6116	105
1468	13
6854	373
4468	33
10488	13
9749	143
12271	26
5840	162
3203	314
5897	33
8095	33
8573	435
3503	33
5311	79
5377	33
4300	27
2961	373
3581	373
7490	33
6366	33
3653	33
8534	373
3787	137
1384	32
2207	34
7816	33
12668	33
10838	33
5477	309
1143	68
11017	373
6040	105
3422	61
1412	33
4636	33
5864	292
11423	206
7583	13
1490	373
7498	33
7833	33
9728	105
3187	81
12180	373
6626	33
11582	373
278	33
11579	162
12622	248
11087	33
10697	137
5951	248
9412	33
6788	27
2680	373
3318	331
4455	11
2535	82
3925	373
1596	13
5767	157
4710	306
9189	11
563	341
11375	33
11010	162
8099	278
11671	373
10267	314
4793	20
5040	32
9395	373
2238	33
446	82
12539	314
11525	144
10522	33
2490	105
9397	53
9295	373
4849	314
9474	373
8313	32
2162	33
10270	13
10165	11
9941	292
11342	33
11246	421
9842	433
4232	395
3120	13
1103	11
6744	373
11117	33
2743	33
11527	373
4647	421
7692	27
1065	373
8850	373
2187	80
9285	373
11440	32
10683	33
6198	373
6906	373
732	32
2858	395
1555	373
1148	33
7860	162
7878	33
7538	86
2738	33
7241	418
7480	11
1564	88
182	292
9599	11
7525	33
11506	394
217	13
5982	23
12082	109
4910	392
3153	309
4767	373
1570	441
4963	136
9062	129
7625	314
10054	351
570	234
2371	321
4566	13
3256	373
10420	11
5024	27
11634	162
7465	150
9664	33
9891	105
89	11
106	33
49	11
10978	68
11882	68
1617	20
5042	33
7079	13
2572	208
248	33
8832	33
6364	209
10070	82
3683	373
7994	33
11744	13
186	309
11425	373
10661	347
3039	373
11316	373
11548	34
5427	373
5749	33
8607	394
3822	421
1776	422
8927	27
9655	400
10088	79
11533	325
10417	33
108	326
1825	33
8423	162
6596	143
11276	79
8386	314
2400	218
7370	13
6132	13
11874	11
6568	33
12733	373
10735	33
10156	309
1585	26
7202	373
4337	205
6153	33
4294	144
5652	421
1247	312
1718	309
3013	33
9893	33
3659	373
9133	34
8869	195
4660	395
5867	61
4143	441
8555	314
284	162
7452	162
550	33
8067	82
12376	414
2658	309
103	32
101	373
5564	419
3413	373
27	129
4541	392
43	394
7747	204
2886	278
11297	34
11797	391
6159	34
3386	33
5	33
2742	421
6051	300
3320	373
10010	20
1166	373
262	373
4984	29
12535	68
5922	33
11112	33
995	33
597	373
4557	373
10957	318
9730	373
10615	206
1889	373
11531	33
6831	162
5327	11
12	33
3863	33
83	33
11476	422
9346	373
3805	33
5599	33
10478	309
8488	33
10255	33
2266	137
220	33
2347	421
4637	105
3900	26
325	105
3249	162
9284	33
1846	33
2484	292
8358	32
12669	373
5773	373
8448	34
7957	33
12963	450
9624	373
5484	193
3507	33
9387	26
1923	33
12503	373
3483	373
12380	309
4495	12
6092	309
1553	258
3522	33
5576	373
2167	34
10498	373
12437	292
9276	33
4309	53
2357	105
8173	354
12569	33
2310	105
10926	5
7110	129
3166	373
5142	204
9482	26
10068	373
1801	13
2891	347
9632	309
110	373
4165	82
9399	194
9323	30
5977	201
1719	373
3491	314
9932	33
4239	373
11126	314
12056	170
9925	13
9849	434
12873	33
10315	359
12580	355
11751	80
905	314
11453	143
5888	33
4554	373
6571	309
8355	314
895	314
8736	309
3376	373
9731	132
8813	162
7169	20
4937	248
6211	32
7764	33
12155	33
7744	208
4621	33
1064	68
4177	33
8731	415
11747	162
445	33
4953	32
1707	79
9944	33
11218	33
12800	129
2647	150
6018	373
10584	33
9531	33
7508	441
7300	373
4834	33
2545	34
11219	384
10790	373
791	373
9060	68
2901	373
3370	144
12895	314
2145	99
9438	136
8254	373
5665	11
4612	175
4352	33
1470	105
9400	79
11043	373
12010	33
3362	373
4129	53
2765	33
1263	373
8012	373
2057	13
9610	150
5324	373
4658	373
11830	261
11762	11
12633	373
10413	33
3513	32
10528	230
12612	314
2616	31
7191	248
4556	33
12901	13
11760	394
8819	225
11108	8
8662	32
4458	314
12027	373
8483	137
4799	136
8294	33
11654	26
12568	68
1402	33
12725	373
3384	11
10846	13
8629	373
6995	33
6414	162
1866	373
1844	341
11315	33
12116	373
4183	373
6371	33
3890	373
7049	314
3664	373
13013	68
655	436
11434	204
12337	309
12551	33
8013	33
7081	373
4679	294
5501	83
9330	33
4777	33
7255	422
11247	33
3017	34
3688	33
11716	34
1175	33
7246	373
2844	34
4452	33
2169	82
9151	421
5705	33
5710	30
5362	395
2981	373
1997	373
1574	414
7054	13
1313	26
6314	79
12092	33
3475	33
8206	373
11371	137
6006	33
1460	414
7125	373
9588	11
527	422
11030	373
4599	33
7981	373
10708	309
8182	68
469	441
11296	309
3192	162
4533	32
10387	373
10436	68
10479	373
12813	127
6005	373
9855	204
7632	314
7858	314
789	373
1433	33
10900	33
8542	16
7504	314
5254	143
7329	86
5036	34
12349	367
2600	367
7059	53
8935	373
11028	11
7995	105
7220	314
11153	441
11968	309
4078	33
8322	421
3968	13
4192	350
2859	33
9950	373
12648	33
561	131
10893	33
9566	348
565	162
82	359
5776	105
12007	33
2737	373
2510	150
2879	162
140	341
11583	373
8081	33
11072	33
1214	421
8574	33
7552	6
1963	450
7726	33
539	82
2045	309
2040	309
4713	33
1926	33
6308	79
4244	137
600	373
12829	33
9198	68
8029	33
3916	33
11718	33
7035	33
2451	373
10905	450
4990	16
3358	208
6911	33
5045	32
11627	33
11255	33
7484	373
10389	421
4243	399
5667	211
5640	258
10526	33
7269	150
2493	33
1392	33
7740	450
3030	242
4481	421
12413	33
11441	417
11067	162
4251	373
1330	24
9817	96
1498	33
7996	34
9449	68
2864	11
9685	421
2205	351
289	373
198	208
8830	11
11013	80
331	208
12126	162
4731	33
11018	33
2183	33
1046	33
11380	436
8063	33
5089	373
4633	373
1245	162
10336	314
1302	33
5692	33
5695	373
4184	137
1174	391
5807	292
3945	33
3505	34
1162	373
2849	33
3956	114
4855	150
7311	20
2644	136
5159	292
571	32
12577	373
9800	373
9983	162
7943	416
2071	395
2305	68
9717	129
5086	373
7541	13
10555	105
2957	441
5441	325
2097	68
5528	33
9431	314
2992	314
11781	53
12534	162
2264	150
2774	33
1338	33
4917	309
405	373
11049	421
310	33
7720	373
9916	33
5908	282
8492	395
7067	441
9745	309
3619	33
10921	373
6581	373
8595	33
3705	314
8684	129
9750	129
2626	26
8361	21
11740	373
6447	162
1022	105
2659	210
3815	373
12969	32
9307	33
7634	33
11628	80
10532	421
11735	33
2728	373
11736	11
309	373
1333	125
10777	436
8343	33
736	373
5035	33
7941	68
11569	314
7937	373
9577	11
5197	348
9523	159
5520	236
3468	373
11409	13
11065	434
1713	27
4694	33
9110	208
5165	373
12872	182
10876	33
3844	292
5682	422
8515	68
1366	11
7516	11
5757	33
7927	416
3926	441
12960	421
6094	269
12897	422
772	441
11803	151
1138	27
3400	13
3714	105
12048	33
7440	441
5874	422
10808	95
7900	373
10939	434
8049	373
6235	247
8284	373
5633	394
4091	32
1805	145
12189	421
9344	242
12246	314
1676	33
3728	82
8130	421
10556	132
8253	33
8685	242
6734	68
11435	13
2345	373
5988	111
4996	33
8815	13
8368	421
7492	137
135	68
88	33
6712	373
2002	373
11891	373
6284	68
9678	162
1295	33
1639	33
9104	105
2053	373
10557	13
452	421
224	373
2433	11
2624	11
9476	309
7153	33
11094	16
3667	13
3377	442
1620	373
2581	421
9414	32
7910	373
8532	33
3831	309
3616	33
968	162
4259	421
9700	81
8272	61
8474	33
9386	33
5875	33
7613	268
12605	33
10813	248
5993	150
8603	5
12442	53
12128	84
3987	373
528	417
1891	32
1314	373
2406	33
8806	30
12294	91
2181	162
3660	33
5518	314
319	33
12481	129
12235	373
4266	33
3246	132
8967	33
2122	68
1019	309
9993	373
7907	373
6487	162
1451	33
10077	239
10662	33
9706	33
6978	33
475	373
10039	33
7352	399
10578	32
8335	162
10705	373
11681	441
5519	325
12651	373
8979	159
3182	373
10739	33
11180	284
12243	373
6409	33
4463	32
3735	435
1249	79
6743	411
6481	105
7389	13
6187	136
4600	309
11861	33
5259	79
1424	414
12517	373
6821	309
4565	292
7200	253
10078	208
12565	398
3453	314
4574	11
6539	11
5991	33
12108	373
6703	33
650	314
3803	359
12779	33
3663	11
9562	13
12417	33
526	373
9514	13
9350	20
3302	33
3243	137
3145	105
5760	33
10238	205
12150	129
5637	258
899	421
3445	53
3872	33
961	373
10663	373
13022	204
7955	32
7562	33
5578	79
5230	414
8720	373
5523	33
6216	373
12388	432
11884	129
10203	61
9859	373
3111	162
4759	13
4370	137
462	162
2043	421
9335	33
886	32
4021	162
7799	105
9014	33
1042	416
7648	247
155	105
7265	7
2740	395
12218	33
3207	367
1409	373
11121	33
6032	78
8334	33
11896	31
9371	162
4449	33
7040	421
2172	33
10545	442
2741	81
1200	33
5349	421
1874	33
2677	373
1747	33
12432	162
5007	33
1702	26
12818	314
12301	11
6138	441
12140	33
5583	367
7871	314
10593	33
10061	441
6898	309
7159	33
9831	137
2569	11
332	13
3100	346
6861	26
6381	421
11197	395
11439	314
8082	256
2973	162
740	32
253	137
8639	270
7511	13
2216	26
6053	11
9556	27
9974	68
7940	399
2775	32
9709	26
9769	105
6843	314
3041	373
10474	394
1775	105
10081	33
7221	80
4562	172
5905	136
72	33
1199	309
1798	32
12875	33
10424	98
9715	205
12597	314
12747	173
5838	33
10818	33
9962	373
13014	150
5061	34
5467	33
12754	373
8597	321
4885	436
9128	391
4864	373
936	33
7954	26
5779	373
7645	162
7807	373
1513	129
1298	162
9383	373
9056	105
2778	325
676	11
10728	309
11839	11
7794	441
1285	373
7400	192
12278	373
2826	33
5921	421
10198	314
4521	373
9069	7
4119	105
1153	421
3754	394
5087	137
1410	162
10580	373
751	33
1765	421
2986	59
4581	373
6177	421
4081	33
2695	144
10407	314
4342	53
57	423
8621	422
6584	162
4075	373
2900	421
8553	33
7439	314
1374	105
7760	34
1276	33
9005	11
8264	32
4064	239
7973	79
3772	309
5294	373
13024	32
3904	33
2685	373
8497	19
4083	373
11171	143
8895	150
10073	292
5894	373
9173	309
5822	59
2089	314
9392	162
3341	33
5048	33
242	33
12586	373
9458	162
8435	309
5325	441
4430	292
8772	309
8545	11
380	13
10040	105
6390	68
1220	373
10134	373
1828	33
4631	33
9797	80
11699	33
11202	26
3977	33
5472	32
8051	248
398	33
3998	242
9260	373
5308	207
5419	86
12712	33
8963	137
2633	33
10730	43
4789	373
9625	221
7964	421
11284	314
3588	309
2279	347
164	13
7179	309
12606	13
4929	11
7313	373
8209	421
326	277
5059	11
8580	20
11045	314
9367	105
1224	137
5098	32
9302	86
12795	33
499	13
9389	33
9524	258
11385	330
8449	13
8329	33
10392	105
451	33
8011	373
1662	309
2311	373
7312	179
1734	13
1111	150
7449	101
5162	450
336	136
4464	33
3931	3
4277	33
8683	33
9465	105
3768	292
4474	32
5736	309
7847	68
1368	373
2987	373
11298	395
11469	224
7085	394
6405	33
10381	162
12686	79
2857	373
3449	33
7984	33
6449	33
11670	314
1077	11
11816	33
12255	394
161	68
8342	395
11811	421
4016	33
7287	68
10943	33
3128	162
9702	162
7947	80
11773	68
9065	32
7327	27
5811	395
3316	373
11804	33
8646	373
6217	33
2671	373
9583	33
3425	33
11052	105
9760	13
9674	377
5703	26
12069	264
6295	33
3974	421
10454	394
4569	373
4949	134
3580	421
1318	314
8640	300
6120	373
4229	421
4761	395
3652	373
12616	34
12223	292
11838	421
11920	11
2827	373
11534	283
11335	33
1804	13
1087	444
235	441
7161	44
11792	33
8868	33
8504	309
10002	373
5358	11
944	421
5602	373
12352	105
8531	143
5706	373
5226	373
7587	61
12975	162
11638	33
3397	33
11479	421
4782	33
940	33
8419	20
9353	318
9090	33
2534	33
9614	373
10660	373
373	175
11237	33
9971	33
4197	436
9373	33
3214	189
6037	394
9000	26
7686	424
4360	359
9873	2
10247	33
9220	33
3371	373
4423	13
5732	68
4035	33
9017	105
8904	204
7094	195
9773	53
7840	68
9028	373
9679	373
11377	11
12346	33
10036	309
376	33
9648	68
5454	162
4369	33
930	434
12209	309
11228	33
5554	314
99	309
10021	374
4877	341
12578	33
5328	286
3684	373
8268	53
12020	33
2232	203
10259	341
12657	373
11089	20
6066	314
1137	132
10717	20
3332	150
2080	302
6267	33
8888	282
2758	33
8787	373
11587	33
10997	373
7739	197
12064	25
2517	292
3686	32
1979	33
3196	33
9407	137
5161	373
10664	33
1692	33
645	13
4791	11
8884	258
7418	162
12478	345
1349	32
10076	422
10422	33
3820	373
5533	82
5268	258
12596	256
4392	34
1222	328
8827	53
9273	34
6944	373
6298	33
4396	105
8289	112
6814	137
12692	422
4730	221
8535	11
8222	373
7424	373
12197	373
4634	33
2564	33
1183	373
8628	33
5645	13
10195	148
8900	144
5121	421
6782	373
5941	32
2139	314
7874	33
2762	373
11510	13
2245	13
1167	325
9297	33
6521	373
9197	373
6858	33
3438	13
8433	314
9573	246
5471	11
1480	33
8557	33
5983	414
6195	162
7230	373
3862	373
4814	11
7624	33
2697	150
1930	175
11021	314
10913	53
12335	13
7642	373
12876	79
12627	33
6360	33
8951	33
6963	85
10176	11
7455	33
8117	373
191	33
1901	240
9608	314
12500	13
2897	373
6866	373
9235	33
4683	414
470	26
5125	344
6904	373
11869	367
3579	32
4507	26
1299	13
12526	264
1783	11
11932	33
3228	373
6035	33
9051	33
6660	373
3510	437
1283	373
7401	416
9099	373
5844	208
4471	292
7443	26
964	417
2877	33
8889	373
1672	137
10094	33
849	223
1395	394
157	309
12085	33
2189	33
3959	137
945	152
2346	175
11729	33
11187	105
12921	33
9889	373
8195	137
6998	309
118	105
4655	79
12973	373
5031	247
11215	11
12392	13
5711	162
3941	373
6100	175
658	33
8835	395
8367	13
7569	162
11909	34
12188	33
11159	129
3824	27
763	292
5283	33
11203	395
5444	11
4506	136
252	373
6802	158
11186	33
6172	314
622	13
1011	382
4615	314
12628	33
11705	421
12133	13
11048	136
9470	373
12634	11
10887	421
8714	112
11179	233
12186	11
4000	13
6083	421
347	373
8556	172
10484	144
5201	373
1980	150
4903	79
4185	33
9620	33
10751	373
10546	33
2255	137
10459	309
5475	373
8782	33
2735	400
12414	150
5379	143
11659	33
10646	309
12790	11
7201	395
12788	373
2488	33
1432	378
7351	373
12287	292
2457	162
11958	373
1422	33
8007	373
3454	416
9153	162
1063	150
12456	33
11306	373
12721	373
4561	33
4765	33
6776	33
10747	53
1317	436
2874	33
2249	33
11513	137
633	11
923	394
5129	13
10242	419
2116	33
7381	162
1430	33
4254	292
12869	33
3703	314
15	394
6794	26
12280	34
12134	314
6333	416
6957	373
10192	162
12664	11
10866	421
12394	29
11265	422
12938	417
898	81
4827	13
4209	33
6238	105
10052	162
1908	373
9388	373
9537	206
857	309
3841	314
7968	314
624	351
9034	162
1588	441
12042	421
12156	436
8220	33
2344	395
4467	143
2724	33
7289	421
8669	33
9748	137
371	13
5535	68
8980	373
6855	314
12298	33
2942	329
1946	79
8571	150
9603	33
3330	79
6678	309
10565	283
12889	394
7772	33
8890	162
211	13
6467	373
6716	175
5924	373
2944	137
8271	33
2034	162
2727	162
9040	13
8924	33
11783	314
8177	13
2118	314
8044	33
6047	13
10704	105
370	29
10972	33
9698	33
3669	390
8786	18
10446	309
5115	33
2001	33
387	373
12542	105
4623	33
8745	394
9230	373
10222	137
11529	32
6919	162
4067	373
2130	196
696	422
9733	20
4142	33
1155	421
10067	137
7197	33
862	33
5524	373
10135	79
2700	105
5015	373
7524	105
3818	32
9838	33
12837	88
4262	33
4801	400
3947	136
9743	394
569	33
8774	132
8721	33
177	9
9687	242
4914	373
9969	373
5092	436
8282	421
10049	162
3560	32
2796	373
1675	373
2867	373
12323	314
8729	373
6659	395
745	373
11949	33
3851	20
1724	33
10316	33
1956	33
7060	373
7750	421
4219	373
3769	441
2610	373
3538	373
2587	373
8198	373
6310	436
2712	292
11621	11
11833	11
8988	33
6736	435
2593	33
3002	414
7181	309
697	373
7393	33
1855	373
7229	328
7745	373
5796	373
4034	33
9484	218
4006	373
11156	61
12662	26
8570	79
12190	248
7693	373
11866	158
1084	13
4330	416
1660	129
10269	34
2382	33
5726	33
10104	33
8771	33
4121	33
4889	373
3576	105
6060	11
4245	11
8437	105
980	33
6510	33
5756	450
7126	33
9565	33
868	420
8775	373
3432	79
2938	33
8165	435
114	373
35	314
11267	79
2252	373
3424	391
4685	33
1109	33
5543	208
6741	218
6627	309
10152	13
11570	33
2883	373
712	33
11392	33
9970	18
5765	309
9616	373
3359	80
10947	11
6345	33
1322	373
3741	373
513	421
6915	314
4843	33
11044	248
4813	33
3469	32
6599	395
12924	373
5307	11
5624	33
3561	33
7199	138
8824	373
502	33
11273	32
9451	373
2719	11
11172	373
12238	373
4784	26
421	33
6994	119
876	138
5820	114
5882	373
4749	277
3685	105
2539	11
321	11
3141	137
3894	421
12574	33
2835	33
3603	373
810	11
8724	441
2109	137
11238	421
3606	88
6261	241
1168	33
2599	33
11994	162
7761	373
11442	33
11595	33
1592	373
10089	33
3173	314
4355	33
11275	373
5632	314
2682	309
12899	33
2009	33
10364	20
2003	33
10245	137
3057	395
5869	13
1189	309
10140	11
1879	33
70	150
9555	214
4709	150
12334	144
2739	421
10587	373
6093	7
1191	309
5661	33
3324	436
1629	162
8438	33
1652	25
8357	373
10338	373
7185	176
10503	400
9968	421
10977	33
2720	314
12011	442
2692	105
9937	396
1649	364
2748	373
7438	373
7916	34
6488	373
1882	33
2350	53
8987	238
10133	414
8704	373
11690	105
4271	34
6840	373
9954	33
9904	395
2136	441
6433	32
3046	373
419	33
8341	11
12313	33
453	33
11596	11
474	11
3184	33
9627	33
4147	33
1857	33
12422	105
8154	373
5608	33
6947	13
7838	13
12396	11
7163	33
9158	33
8653	314
11137	181
1173	13
8188	68
4444	414
10144	30
2822	373
2514	137
394	105
10033	32
11530	32
10093	422
7018	11
7918	373
1258	13
11988	373
2746	373
8499	182
1795	33
2447	162
5106	13
6920	314
4132	33
6344	373
3431	309
843	144
2074	11
3757	309
3954	68
1953	13
3943	309
8366	33
5812	441
4472	68
1994	373
7000	373
10823	421
9277	208
4274	33
8638	162
12181	373
6714	79
12996	314
11726	292
2259	394
7976	30
2617	33
4099	32
4028	33
7308	33
5587	13
9628	314
12619	217
11841	32
4169	33
11750	422
2361	33
11259	421
2409	211
4038	33
5781	137
5785	421
3204	33
9264	309
657	373
7619	422
10718	373
3238	33
4425	292
718	68
11755	373
6606	33
917	314
6924	343
10380	112
6587	11
12652	33
12755	13
2296	162
7718	373
6783	33
4734	373
6336	373
598	81
2828	395
2504	441
1563	33
742	20
8748	31
12697	53
12927	373
152	33
7149	32
11452	373
3718	33
9850	162
13009	40
5009	373
4754	421
3643	292
424	416
908	33
7447	236
7561	20
4998	33
11631	33
11795	33
11549	373
4899	33
10362	11
8768	250
4059	69
8397	34
2426	13
1335	144
9362	20
12904	53
2434	27
129	33
2178	422
7302	373
11898	373
3433	294
8031	33
3557	33
4582	353
2332	32
6897	373
10901	373
2770	33
4939	137
12217	11
1243	33
8494	80
11808	11
7715	11
3048	33
9867	373
6285	11
6697	105
3610	373
4803	441
6137	33
1025	33
7029	395
6052	33
10779	68
3840	314
1144	373
1960	247
10882	33
4973	33
11278	152
11514	258
7226	38
12588	20
4787	20
9852	11
2267	13
355	70
1027	33
7417	441
4800	373
3734	373
11850	33
7890	68
6765	373
12239	19
4366	373
7965	79
7702	367
11914	137
3334	32
10617	11
4646	373
10196	382
535	33
4295	421
4622	11
7022	144
11989	33
6162	373
12292	373
7711	450
3876	33
6073	309
1881	13
10986	373
8953	20
8349	18
8899	361
2777	325
8546	373
9858	422
12821	188
7395	214
12726	13
2133	212
9138	33
3578	441
8307	247
11677	13
2277	26
4664	294
1428	414
10427	450
12615	162
8010	125
9281	32
10685	33
12781	31
6231	436
965	32
1996	11
1466	105
5609	373
374	33
767	317
7095	32
10201	373
9890	33
877	136
3577	33
9560	309
7935	129
10906	373
11129	130
8147	162
3096	292
160	13
483	26
8615	33
9660	33
12516	162
11066	33
11646	13
1723	33
3023	351
10840	314
9643	33
4676	34
1602	162
2236	26
2940	441
5096	373
9018	421
5795	373
12173	33
12338	33
10382	373
1100	33
12212	33
10438	33
2608	82
2968	105
6484	421
7671	373
1327	86
7785	247
4847	33
3953	20
7405	421
3750	33
806	11
12911	33
9543	33
8326	144
6527	314
12907	373
8843	373
6827	137
760	414
8870	11
8223	416
7920	441
7872	158
7145	150
5051	373
4181	33
11093	394
5485	33
8446	79
10027	394
9528	341
11322	451
1514	436
2990	314
2876	33
12290	314
9630	136
1477	33
2471	11
8780	373
6860	105
10931	269
3585	416
11856	278
11295	68
2482	421
9204	421
10624	33
5322	33
5296	441
3888	373
4702	68
5266	314
1977	373
9433	33
86	86
10343	136
3661	32
3082	33
8795	421
267	39
9419	33
9228	373
4310	373
11091	26
12377	373
3458	68
4307	11
11613	68
12815	373
11944	33
4048	42
7805	314
145	33
12543	373
10253	11
12905	373
2906	373
3935	33
7775	13
6220	129
2646	26
10190	33
7623	373
6311	13
811	33
671	33
3830	373
8950	33
5188	13
5761	33
1830	33
5062	33
6492	424
1055	309
1793	33
81	33
588	394
9160	421
10605	33
214	348
9804	203
10715	33
2380	68
924	33
1829	11
2248	373
8717	321
4945	82
1472	33
8292	292
11403	33
1169	33
10159	314
6375	33
6479	309
9651	33
3780	68
4024	33
5133	33
9177	314
8705	33
7515	421
4193	208
10878	11
11586	373
8747	373
10938	33
10214	436
9755	33
11502	33
8440	13
10376	162
9352	373
4618	33
4138	341
8833	33
11282	13
29	33
11612	405
6453	373
12090	13
7832	33
4178	34
2115	373
2745	162
10126	33
8328	373
8885	274
12273	33
8910	33
627	417
8710	20
12403	33
7321	13
8096	137
5751	373
9340	293
4538	33
11062	33
8654	33
8106	395
11348	68
4290	33
3701	13
8045	33
1082	314
9957	13
7850	373
11055	7
11899	13
3350	373
1529	68
2663	359
8300	33
1973	33
11401	309
5600	11
8184	13
7459	12
11907	26
482	33
2948	373
8593	13
6190	373
6526	373
7386	348
12951	274
2066	143
6326	162
10774	419
3355	105
2869	137
2718	373
7978	373
6330	373
221	221
822	13
1161	281
7495	373
744	11
6561	373
686	162
2006	33
2377	33
8681	447
8428	212
5571	20
5120	46
1559	453
5313	414
11669	373
10439	309
5619	143
860	436
9830	395
11863	33
7376	221
2396	33
12161	109
5973	33
9021	32
7629	414
5462	450
10754	450
8204	257
3798	132
12902	416
1643	33
11039	34
6275	441
4053	33
3140	341
3293	31
6246	373
3838	421
194	11
1359	373
3121	373
12797	33
7594	33
5409	421
8709	204
1906	422
7862	33
6104	314
6767	314
5945	162
8689	33
560	162
10621	33
6029	13
10215	33
1581	13
10976	87
10471	33
7708	74
1323	33
4708	373
8076	373
11717	204
7630	53
6546	33
548	33
7986	422
4544	162
8237	33
576	13
11106	248
1584	33
5353	202
10449	105
9906	7
9052	68
7184	13
9978	33
9143	30
5567	105
11942	373
1681	33
11581	33
11903	144
2611	33
11727	105
6019	421
2415	422
10863	33
5445	373
2635	309
3949	421
4203	235
5195	11
1835	33
12554	334
8560	314
4954	373
1500	373
7481	373
12930	150
1701	32
12236	33
5677	33
9221	441
11	20
2131	13
9522	13
5219	236
8213	33
11070	373
3983	421
2331	33
8886	11
7307	314
132	33
10371	421
684	33
3392	32
2648	314
9722	11
2316	33
2138	32
9511	31
11003	373
11387	33
7008	118
1884	33
5601	33
208	208
9459	11
9105	33
841	33
12734	367
8429	136
329	214
12000	105
2445	33
12232	114
12120	373
5251	13
10694	162
9147	30
10158	56
11870	314
84	150
3338	373
10635	33
1373	13
10746	201
4524	11
7315	32
833	11
7115	361
2613	33
11384	421
6516	33
10945	33
8486	414
4344	309
12008	13
5530	11
5479	33
5480	208
11323	373
10173	33
5155	11
1961	373
7349	206
6108	33
685	409
11742	13
1445	338
4456	33
3569	314
12846	53
2206	33
4728	11
9979	162
2842	373
11975	421
3051	314
12053	262
6918	33
5272	33
10710	105
12079	373
9072	292
8510	395
3181	314
9461	421
8882	373
4736	373
8851	105
10895	373
399	33
1274	422
9059	373
4513	309
12777	98
6394	33
5107	309
2280	33
10239	421
3	33
258	162
12350	13
2215	248
12207	15
11836	82
6771	143
11849	79
2913	373
11555	441
6926	34
12101	309
10745	33
7406	373
4686	373
7493	13
2855	26
3951	33
6732	314
5638	421
3725	208
4512	88
10276	11
6081	162
6462	33
1610	447
9493	13
9054	33
2978	68
8838	11
6321	33
1796	33
1098	33
12440	162
8512	373
12023	241
6152	373
7856	33
11077	20
3089	194
7505	422
11890	421
1777	421
12230	307
6868	373
8945	27
1455	33
6738	309
4057	33
9299	276
966	432
7784	373
12416	33
3865	373
11697	212
2209	12
8831	373
5861	33
4126	13
8848	205
9998	79
11512	33
1264	13
6679	373
8789	13
6914	33
7421	373
11799	214
395	33
4128	373
3305	33
2428	33
11725	33
11011	242
423	68
11132	68
1268	34
488	33
11633	33
8418	33
68	137
4977	373
12972	373
11897	162
3282	33
2704	33
218	16
2674	373
10496	33
5508	11
8135	33
8360	11
6790	373
1058	33
4988	33
7859	309
2801	382
12744	149
4354	68
7879	201
8735	13
12275	13
10867	26
10689	33
6876	68
5352	33
1461	33
2093	11
9911	236
3154	373
9495	33
5421	241
883	33
814	136
8186	309
223	33
12135	373
4632	33
384	13
6124	33
7268	162
11597	162
9417	373
113	309
5318	182
11314	373
7332	33
10804	373
6795	33
6908	33
4520	33
10373	33
9917	373
203	33
8383	245
11236	417
13019	185
6681	33
1390	189
733	421
9775	373
9421	33
1789	33
268	13
1656	373
7097	33
11711	373
585	33
7716	373
11208	33
2192	34
7640	13
11118	33
5910	13
12896	314
651	33
6841	373
1449	373
8582	324
9833	309
10727	105
4466	27
1036	68
4842	373
7284	373
12270	341
11396	421
6340	33
8566	441
7729	373
9505	26
3574	33
5949	421
2114	441
11281	33
6497	400
7280	373
12040	394
2723	421
3044	33
920	58
11947	105
222	129
4477	162
4201	105
3307	33
11543	292
798	373
3473	441
8792	50
7778	314
1328	27
10353	366
6270	373
11787	92
3545	395
444	26
7997	33
7985	33
3078	13
372	175
9201	219
3033	314
505	55
647	33
10218	33
117	33
4751	373
6709	162
12789	373
9646	32
363	33
1043	421
4934	33
9905	20
3697	248
2759	379
1288	33
8530	373
997	33
1212	278
5316	175
1499	162
11373	33
7270	373
955	13
11330	373
6953	373
9617	33
5426	33
12892	18
10063	373
6201	33
5737	309
6796	309
3819	33
12390	373
8352	359
3193	13
272	33
10047	314
255	314
11291	181
6690	33
562	421
8459	373
2805	373
2591	309
6986	373
6961	359
4919	315
10037	32
7348	373
10628	421
7781	33
3704	373
4346	214
8561	422
3777	341
10394	33
5806	33
12259	33
11341	441
756	278
11663	441
10996	33
6179	136
6248	373
7388	33
10470	33
5468	373
11554	33
12563	33
10111	33
11148	395
4760	32
9815	373
9816	396
9278	33
11308	441
6912	13
2919	33
12913	359
7383	105
9839	373
4404	175
8983	105
2448	33
98	32
2929	407
11789	105
8777	162
8285	359
9124	314
2753	136
2955	162
3171	314
8479	127
5585	11
241	32
3594	33
7055	27
7908	33
4670	373
10499	59
12451	33
12614	314
8932	33
11664	11
1969	419
5253	373
11076	314
5100	79
9949	248
12870	412
4131	144
9092	13
1305	335
792	373
11485	185
2833	162
282	136
9248	33
9468	33
3488	105
216	13
9574	33
12632	373
4469	373
11678	373
5854	33
5080	421
8269	13
11345	358
1999	13
3657	11
1606	421
631	53
10948	421
6382	105
6819	84
6266	144
3709	13
2966	441
9924	373
3527	314
2521	137
4873	33
8194	314
4235	23
8711	33
257	105
10583	136
6670	59
6988	33
3567	33
11086	417
12898	33
11843	422
12948	33
2213	13
6	373
10554	33
2570	212
12540	34
9896	373
2751	373
7379	33
12784	33
6184	140
7581	421
3068	441
8922	414
12827	373
6014	139
12912	30
4015	117
6927	373
3131	33
6388	162
5326	162
6764	13
12118	197
2856	373
9943	257
7474	373
7132	33
3899	71
12028	309
12990	33
1590	200
8124	441
10873	11
5526	421
11477	373
4986	33
4900	34
5636	373
11776	79
10595	33
8698	33
9605	33
8080	33
12254	373
1280	309
9328	105
131	26
4062	421
8567	373
9879	208
10984	373
2958	373
12706	373
11739	129
1952	373
10170	33
6058	373
11662	258
3861	33
10447	436
4267	33
5513	68
6751	33
9305	373
7961	34
3000	128
11933	105
10370	314
632	233
10492	7
6346	351
6012	373
11539	373
8507	9
3748	144
461	373
6656	11
11457	314
1614	162
10875	229
12552	281
1088	13
6249	359
8877	441
11625	132
12763	79
6614	392
6496	33
2313	373
3209	13
8236	373
5450	47
4912	162
5928	155
7328	208
8230	373
2227	229
4255	373
9262	33
3884	68
10288	373
5906	13
7160	373
1122	11
9633	373
10405	414
3071	105
5168	373
1444	33
4757	314
9075	33
3134	13
10896	33
914	136
9087	33
12997	33
10962	373
12765	373
9313	175
7088	373
5514	373
1526	373
4037	13
10576	33
11652	373
3264	13
1202	74
2309	33
7362	97
4726	53
8170	208
7196	314
2536	33
12799	401
8377	33
178	11
3905	175
582	33
10890	32
1650	414
3455	11
11926	33
5911	33
10372	11
12704	373
12923	373
10271	33
6221	248
9098	137
9413	34
3912	416
2907	33
1069	352
7032	33
10618	33
10131	421
5257	68
7444	14
677	373
7233	373
5006	11
2555	177
12424	32
2993	33
8678	33
4252	33
5151	81
1597	32
6440	33
3964	312
8743	290
7540	13
4991	394
10797	34
7849	150
2373	162
667	33
1301	373
1230	162
12550	373
1578	373
10004	33
1457	33
7355	422
4687	373
11150	11
5989	33
2458	373
12776	105
4191	314
4942	20
2096	419
12600	441
11054	373
3519	26
2318	309
9408	214
4349	421
3123	33
10620	33
8024	435
1565	53
1113	32
9814	373
1685	33
4920	33
10982	373
6724	399
7930	33
9837	7
5397	34
5122	33
10932	138
3137	373
8809	33
12367	33
1425	11
7736	162
8719	273
4429	33
5360	79
1129	33
2964	373
11075	33
10614	33
12485	13
2054	107
12524	373
8246	162
10669	33
845	158
5411	32
4970	396
5482	33
1867	421
2341	208
7157	33
8215	13
5784	33
10892	162
10072	13
4002	79
7627	13
5955	450
6880	314
6389	33
9868	11
11252	33
1382	33
2642	309
3178	373
861	280
2960	32
8937	33
7776	127
10686	158
8834	31
11154	373
4159	33
432	373
2095	373
12573	224
3595	395
5255	314
77	33
4093	309
5478	33
1944	373
6622	27
4742	162
3972	33
6965	162
9832	105
3195	33
6838	33
5005	33
9585	309
4971	422
9923	373
2823	309
3724	309
6277	33
4836	373
11978	373
7047	414
5263	373
5557	33
7893	314
5739	33
12677	32
4102	33
2276	33
8933	314
4195	33
3416	314
6615	68
9339	53
4216	33
1894	373
6972	373
11213	34
6430	414
6175	373
8538	68
4085	436
511	421
5792	258
6319	418
1659	421
12497	373
6928	33
5747	20
6401	33
5681	373
630	33
10329	309
6079	373
4526	175
2	450
9483	162
5937	373
3224	373
2884	105
12340	158
7309	373
6779	256
6636	422
11269	33
2340	33
5689	79
6471	79
10007	150
6848	395
7582	373
12618	13
11498	292
7936	33
2782	33
819	80
8266	373
1345	33
10601	11
291	373
9050	33
10229	11
1864	33
8609	373
5414	371
575	33
8467	33
6170	79
6955	373
6378	68
10400	373
4922	33
8302	162
3251	205
10217	13
3565	152
5314	33
6572	33
4077	20
304	33
8781	373
1310	33
7030	33
10560	92
7679	373
519	26
8088	82
6642	33
9219	33
7631	26
2583	349
3895	421
826	33
3148	124
3011	33
9108	33
11704	309
4090	33
7206	105
8523	68
1809	242
6945	138
8158	168
10814	26
6528	248
7050	32
4845	53
12843	13
5729	68
6196	258
11394	143
3347	421
1806	162
5305	33
7214	31
8231	11
6505	53
9185	425
7827	86
4740	33
8706	7
11823	309
13021	13
7703	393
5077	8
7003	212
8020	34
8171	421
414	12
12914	373
348	33
5685	295
6707	137
11399	314
10792	421
10333	162
8871	150
11604	13
11367	132
2916	342
9926	261
12216	136
1924	162
2917	223
12247	162
3190	53
6017	111
11349	394
530	162
10020	30
5341	32
6464	373
11170	11
4418	373
5836	25
7979	421
9117	394
9315	33
3460	33
5060	314
8599	33
12024	414
12041	20
4915	373
7742	33
9936	373
4291	33
9501	13
4052	33
746	25
11035	34
200	162
2552	436
9874	31
12470	33
2144	33
10508	33
4032	11
5553	33
8362	13
5376	33
1205	33
8318	162
12221	373
11693	373
11936	414
4122	373
2416	33
12214	422
8407	204
30	68
1325	33
10844	414
7216	367
646	33
6623	11
4438	85
7770	136
7554	33
10589	309
2127	33
12488	79
2800	416
3867	33
666	33
1823	11
7471	136
2838	373
11614	373
10056	162
517	373
6887	314
11666	33
716	33
10796	314
259	107
14	325
5943	373
720	248
6730	373
5886	33
9985	373
5033	309
12537	162
2278	314
12771	373
4829	394
3353	214
9734	373
123	395
6691	33
11257	247
11684	373
7072	395
11022	162
4958	32
11205	33
352	373
10504	13
4810	292
1469	129
3886	33
1367	33
5491	33
7733	33
4663	414
5625	373
12274	61
11982	248
10347	373
9535	373
3127	394
12955	33
4451	8
12880	373
10553	33
5912	33
8915	33
11798	421
12281	129
8316	21
9567	373
1	314
3418	373
3484	373
10406	136
1397	373
4941	441
2686	86
11955	258
3050	33
5183	33
7193	33
5366	373
5627	395
12593	218
2531	105
4775	33
8041	450
608	309
7212	11
6951	80
6420	33
7299	33
7066	33
111	13
3600	373
12514	33
4446	129
9640	13
11818	33
5218	20
10453	414
5075	11
1583	373
12226	373
7487	162
5179	33
2889	33
247	33
1488	292
7333	373
8636	68
5339	33
5456	33
12441	127
4959	33
159	414
12866	33
5550	417
7659	373
10225	143
5821	373
6586	421
6842	18
9826	373
9416	26
7992	33
12400	13
8769	79
4788	150
3199	314
4981	230
846	373
1070	373
1900	11
4297	33
11116	33
9843	79
11728	33
7305	373
2480	33
1917	33
8201	33
10082	80
11571	33
3343	373
1608	137
4706	158
12630	33
3294	33
7172	1
11001	373
1968	33
7571	394
2142	11
2489	373
5011	162
9503	373
6147	248
9638	422
6652	373
2522	11
7099	68
10666	373
5936	373
8014	144
1371	162
12476	98
9741	33
5755	395
897	61
518	415
12608	33
124	11
9820	33
5516	33
9910	373
9548	33
3275	13
2222	33
942	309
4160	123
12826	311
11500	33
3360	52
11865	12
1007	13
4068	68
6715	248
8960	373
12671	373
1059	88
682	373
6761	33
8207	33
1913	247
5390	373
4065	441
5205	13
830	33
918	373
3878	373
7717	373
3889	132
2755	373
9688	1
3936	33
8312	98
4705	11
3773	33
5992	128
61	136
3223	261
3760	22
138	16
4194	33
8411	33
7837	264
4774	33
10321	13
12228	68
3208	79
11073	212
12727	33
705	33
85	27
8707	367
7595	33
8275	34
4563	79
7183	33
10788	158
6958	373
12832	33
6556	105
10431	68
11913	373
3607	33
642	79
5312	373
6357	373
770	33
5177	32
1334	137
1861	53
520	13
10729	11
12353	33
3436	33
10206	436
6367	33
9464	33
3471	150
7576	294
8293	33
11436	373
12530	33
2757	33
7228	137
1932	33
9525	314
3631	162
9064	314
12883	417
8233	33
11687	373
7649	27
12507	33
3810	373
710	414
11134	248
10340	373
10795	68
7962	373
8965	33
525	399
4171	13
7367	373
3280	414
4149	394
277	68
9377	373
11647	33
4497	373
3559	175
2785	33
10080	208
10511	33
6934	373
12794	33
11353	13
6645	33
10390	11
9154	136
12469	422
10079	27
9454	309
1887	11
6891	410
3242	441
11730	68
4947	421
4012	373
1159	421
3906	13
8525	33
7087	13
11937	33
2219	68
6882	33
4234	33
7398	373
4368	11
1808	32
9580	33
5813	33
8726	162
6540	373
6530	400
8286	11
2231	173
5410	394
5659	33
4778	13
6042	162
11059	33
2619	33
1611	319
4406	11
2354	68
2210	158
7180	13
11782	421
9787	33
5141	137
5629	314
8114	414
1117	327
941	33
12819	373
7797	34
11941	33
10763	33
6818	13
12693	373
2171	33
12589	402
9443	143
10649	143
8661	452
5741	33
4926	441
6565	33
5458	143
7779	33
11673	373
4960	314
4439	373
6245	33
2291	357
2090	79
6894	33
2188	33
3793	373
3167	33
6273	162
12676	5
5153	33
2473	309
12455	137
5999	373
12248	32
10019	373
7982	13
6393	162
6272	20
5670	323
7523	421
1785	79
5056	373
12142	421
9012	33
1089	33
10302	373
1531	11
6542	373
5365	144
2951	33
8917	33
4537	33
1452	373
10833	373
4962	33
10182	105
11366	441
8637	373
1594	11
2763	373
6613	373
5069	374
7224	373
3180	314
1440	33
1067	33
10645	309
11774	309
1817	164
1664	373
2807	79
3481	33
2918	11
10768	327
12956	33
2463	144
5073	373
8162	421
9080	421
7240	88
6689	20
5166	33
4008	421
10501	33
546	162
2016	373
752	373
1008	162
1739	341
1752	13
4983	373
7078	162
5815	20
3738	359
9691	11
12742	33
6024	373
9130	373
3961	137
5975	373
3692	299
12786	394
784	248
8062	13
6564	247
2436	33
7852	421
8126	13
5586	33
8482	68
379	373
9472	33
5020	373
5704	421
3083	105
3385	33
7298	373
11871	436
11041	162
9164	33
10191	110
8394	11
12172	162
7039	373
1252	164
12609	373
4591	33
6612	208
11657	33
12814	433
10493	309
5049	33
10169	373
2117	32
2376	33
741	13
5560	33
1009	373
6101	12
7084	33
11537	373
6117	436
2744	12
5274	27
8071	373
12673	214
2285	80
8069	186
6168	309
11088	373
5357	373
8	309
9282	341
3630	373
9697	436
9250	162
7425	373
385	27
10805	105
7178	31
11761	373
2532	33
8406	79
7453	33
1140	373
12719	33
5870	395
5269	11
11146	33
36	33
11990	373
5301	129
10095	292
4248	33
11960	33
2352	309
10357	13
6365	373
8759	373
12237	373
11743	33
9821	309
7574	33
2681	208
4862	373
5693	422
12379	33
9819	33
5929	33
1877	248
11956	373
6358	292
2839	11
12684	314
9428	373
8136	309
6290	162
11879	162
11206	11
4218	309
7845	410
3963	33
6900	13
6903	33
6949	33
12931	309
5750	309
9920	33
5918	422
10991	105
852	421
3480	373
5998	373
11741	373
6127	373
10189	33
7422	314
141	318
1756	373
1418	105
7818	33
6687	236
2634	33
10703	32
6494	33
5416	373
11813	104
5498	61
10807	373
3917	33
10209	373
9712	375
6950	162
9044	373
11362	11
1257	292
4498	294
10648	80
8620	373
6039	373
12044	373
2629	33
2288	144
8551	421
2676	79
1060	314
5354	373
1171	373
2460	138
4678	373
932	309
3802	373
9956	421
10529	13
1045	247
3562	373
458	163
1696	400
507	162
3933	373
6987	33
2408	68
1799	80
6844	373
11069	33
11167	11
10819	13
6232	373
12305	79
6097	33
9763	214
5090	441
5150	309
5959	373
3622	373
4287	208
10502	33
7882	7
4995	34
7894	143
2179	158
6200	421
6210	33
9675	33
10090	417
7683	314
524	373
7124	33
5043	20
10515	242
9322	158
8132	351
4324	309
12493	373
2478	441
9881	421
3447	373
5570	373
2925	13
10461	13
12773	162
11616	33
21	373
10636	400
1447	33
3640	373
10375	373
2462	33
3423	373
324	162
7136	13
5147	33
8627	421
11040	373
12039	13
9227	13
9880	373
8471	27
8191	143
12065	136
8986	11
12929	162
7031	322
6810	373
10579	373
722	314
7911	13
8152	33
477	33
10642	373
3233	76
8519	33
10334	397
4923	33
3201	33
11643	68
672	441
8179	294
10552	138
4652	129
12626	13
993	309
6936	373
6503	11
6304	373
9746	33
10091	11
10941	33
9424	162
8816	292
6448	421
10927	373
6391	57
12510	32
6824	341
8108	33
11006	11
12513	33
2997	80
2908	68
3989	373
8387	369
1850	33
11294	73
1762	33
8750	26
3456	33
2609	33
10113	373
10432	33
9404	33
7248	33
894	33
11648	129
8601	34
12936	394
8575	417
2790	32
5433	373
12746	11
4924	20
882	373
9563	292
7478	33
8123	309
4050	373
3062	373
9705	33
9481	422
840	33
3479	33
3054	13
1306	12
9425	373
5593	212
1902	309
3289	373
5613	373
9586	137
8374	421
11358	314
5224	373
2487	421
2878	373
10925	373
6553	373
11748	32
3806	32
12766	33
12001	11
7539	27
9806	33
11721	32
994	33
12486	436
1341	33
7676	373
11391	33
10604	136
12989	13
586	314
6650	27
2165	136
6576	373
4785	33
902	34
6549	33
5265	137
2747	33
9207	13
6338	373
12679	33
2819	33
8365	314
6008	143
865	33
7828	85
5398	373
1624	33
12211	68
6557	421
1802	436
2160	227
1463	314
11264	33
5953	436
6632	33
7467	162
5213	373
4684	309
1381	257
9869	395
62	33
1515	309
4550	309
10185	11
6598	33
3651	32
3409	373
9068	105
6825	373
583	373
10693	13
11123	373
10328	421
4697	175
2696	33
891	33
12687	33
4420	314
236	294
9171	373
7658	33
10575	233
2668	373
7266	13
7795	421
12063	117
6140	33
9885	373
4677	162
9435	136
12658	13
9992	248
7970	33
5577	33
879	33
6639	34
4161	421
11788	150
3390	421
820	33
7162	373
10350	33
10643	13
4854	33
12293	11
2304	339
11689	80
5287	33
3723	33
4585	373
12148	242
6931	79
8836	33
10740	33
6582	34
1626	33
6023	33
8670	421
2863	33
7501	373
7675	214
11360	373
3440	373
790	11
5657	441
4769	11
12714	272
2153	26
1350	27
11923	373
8600	373
1769	373
11302	441
9972	421
2902	309
1266	11
5466	33
764	82
12987	33
771	26
8035	33
3494	33
11337	33
8572	373
6833	132
12944	138
8602	373
2764	346
8413	292
10193	373
10109	33
7953	373
12851	11
11063	373
5579	79
4117	422
4011	373
2204	162
4943	162
8453	33
12581	146
11881	33
5900	373
2370	33
1286	373
195	421
12807	33
5584	406
10870	304
11965	421
12269	68
11312	11
3157	33
8003	33
5580	138
2140	373
6696	150
7706	140
10252	33
1986	373
1532	373
1329	13
12845	314
4170	373
67	162
12484	335
4624	9
306	32
2502	162
3310	277
2119	32
975	421
5674	314
3679	33
3105	32
450	421
10013	33
6392	33
12368	348
9444	79
7245	33
10497	441
10171	373
3150	373
7577	33
8382	132
3009	373
3590	33
10065	137
5855	441
514	373
3694	162
8610	68
11157	147
10744	33
10510	373
5873	178
5939	309
4758	283
9149	11
3508	314
397	266
11518	421
8225	20
11437	416
3283	105
3677	175
11414	373
3151	33
12519	248
11056	32
3556	441
1486	373
10212	314
6303	395
8975	422
279	447
3312	373
9527	25
11639	395
12858	248
12138	25
12810	373
3791	242
9423	33
1766	407
4720	13
10692	33
1521	373
5672	394
5387	33
20	32
11256	337
8178	441
8676	79
8699	33
10701	32
5889	373
3142	373
5917	33
4704	13
9446	373
3621	33
808	450
10136	137
3988	321
10429	33
4465	11
12653	373
1929	373
12974	258
12945	332
7476	373
12803	277
9479	258
5369	373
5590	314
5070	423
11319	143
2652	448
2809	105
7404	33
1337	409
9234	11
3088	309
2977	373
6973	373
11706	261
5963	416
12823	373
2105	314
937	427
6193	105
1015	373
8295	395
3218	105
4311	136
8469	33
1962	309
6434	309
12426	105
11201	32
3066	143
11240	33
2556	162
1712	144
11417	373
1208	373
12862	373
10831	139
6472	422
11640	373
4859	33
11998	309
2075	214
7782	25
1188	14
3932	79
7409	373
12461	136
954	373
8798	373
1604	33
11195	162
6046	414
2048	373
6173	373
8279	33
8723	11
6427	373
5112	325
2190	373
1540	309
2159	34
10809	261
6253	68
10177	244
10674	33
12071	20
11635	373
12153	165
1833	13
5167	33
10690	373
1358	314
6302	314
3712	421
1303	13
8416	13
10678	33
6145	33
3155	33
3655	105
3811	441
10323	373
10211	11
1708	441
1365	33
6870	33
9686	309
9550	288
10998	82
3597	421
11606	34
8647	314
10724	33
2998	444
5556	33
490	275
8262	30
2022	33
10345	441
5965	13
11058	33
5715	373
7598	309
8649	33
5260	257
7278	33
4172	434
6970	373
6511	441
3092	33
10314	138
5809	414
7052	314
12077	33
6161	13
7633	68
11820	421
6212	33
847	373
3348	421
2104	414
2359	190
11593	11
12257	13
2983	373
9770	309
1142	373
698	373
10273	373
12003	373
3737	33
7165	193
3368	34
188	373
11277	373
9681	33
5355	86
5858	429
970	33
2103	33
8818	373
39	258
9863	336
8169	31
10700	373
9372	314
11079	33
3306	33
281	8
8399	309
10778	309
8930	359
11272	144
6742	373
7279	33
3721	167
9348	183
7190	436
2943	373
10514	208
3113	32
12709	68
4268	373
9818	80
12980	187
231	314
7436	162
6107	359
4572	11
5176	27
13002	105
1905	11
7974	421
5053	33
10817	247
5384	286
5245	53
11262	436
1435	373
9115	125
6328	33
8340	214
8612	33
6415	33
9231	68
7575	11
3922	13
11867	421
7721	33
3515	436
4364	162
10722	33
10057	33
9922	68
5799	373
10854	32
11193	34
1625	373
946	162
5816	314
9157	13
8672	33
3327	11
12853	308
4881	33
2035	162
6878	11
11413	32
4200	208
9463	13
11938	359
11188	33
2804	33
1029	33
4298	33
343	436
6355	33
1235	33
10602	421
3541	162
12708	68
9150	11
8463	33
8552	314
6752	105
9671	26
12245	33
2055	373
9977	33
11948	33
10539	355
9544	11
1705	11
2056	49
4525	150
6588	208
172	421
3833	27
11992	33
10541	20
11888	359
2336	33
11924	33
11207	314
9982	451
12282	132
1640	394
4356	27
4552	441
3037	33
2152	204
540	421
9953	107
1760	33
12100	325
12567	373
9434	373
1533	421
12916	373
1272	13
7824	214
1671	34
10561	68
12828	125
5666	373
12419	33
9455	373
11572	33
2220	373
978	395
3767	162
3813	31
10451	373
8652	421
9996	68
353	373
92	294
5898	33
9940	373
2567	419
4323	314
10736	373
11759	33
8398	53
643	373
4946	394
5510	33
1888	394
9661	314
12111	105
3849	33
12154	136
10456	439
3774	373
3502	373
6686	26
7209	341
6280	33
2780	33
11698	162
7073	88
8881	258
5109	368
8166	137
4904	33
5539	199
44	309
1950	33
1090	373
212	373
10491	373
12856	275
4516	33
1426	33
11142	34
8645	137
8100	314
4931	35
3394	13
2837	309
7635	88
6442	204
9125	13
1016	421
11347	105
1811	421
5258	373
4001	208
8002	421
8762	13
1003	132
7020	162
3319	208
4534	33
1512	373
7156	33
11854	414
12644	32
8210	33
4668	33
351	162
6174	53
4401	261
5108	33
8520	373
16	134
3885	373
9933	373
3015	33
4593	33
4317	18
11333	23
5496	27
2526	79
12882	373
7285	33
3743	365
1916	33
515	13
8181	242
10265	32
1324	13
721	162
11102	13
6291	33
5668	33
378	373
7573	421
8168	182
2068	88
7558	373
2730	373
3980	20
3429	144
1731	421
10886	373
1632	136
6909	32
2011	33
3908	13
8066	20
5401	13
5164	373
1682	373
3060	137
6756	13
3790	373
11027	373
8077	180
4875	33
415	128
2584	268
7800	309
7428	33
13000	394
10318	373
10179	380
1816	162
3080	162
11503	162
9275	233
10433	13
1904	13
7802	33
5541	33
1903	33
8999	105
10592	248
5295	26
1221	13
11355	365
5131	12
6754	261
4980	162
8784	53
10742	416
6486	373
3618	33
2221	68
10521	406
12249	394
3521	33
3620	33
4592	314
8242	33
3731	33
1041	33
5832	404
391	33
4640	105
5460	373
10248	373
1360	68
9343	314
12587	33
702	162
641	137
4999	441
10294	373
10956	33
3589	33
5654	33
12110	206
3146	373
8454	33
1108	33
11609	13
4105	314
6316	309
6225	82
12030	400
1028	105
12219	441
11939	33
9828	27
2424	79
7759	86
9265	13
4898	13
133	33
10910	373
4653	421
5837	33
5780	61
6509	33
7292	175
5563	309
5361	421
6165	373
10463	441
2293	373
6125	129
11999	292
3322	88
7902	314
3648	162
11562	33
11993	53
12752	33
6969	61
6608	33
4306	309
8025	33
7932	26
749	158
1403	33
4116	236
2554	11
8212	373
5635	33
12791	33
10609	32
463	33
8879	13
9508	53
1269	33
5996	33
5494	419
12717	33
10163	314
7661	33
3846	373
6721	33
4233	292
12430	11
5896	309
7218	421
5662	141
11199	239
4951	156
6062	395
2374	33
4766	34
9991	195
4217	13
974	309
8892	162
7687	373
6134	33
4588	33
4586	33
3117	150
11098	314
10507	33
9990	373
4831	33
7408	27
5663	33
3317	359
5152	33
8217	13
11336	421
10785	373
358	289
7542	33
5288	309
3570	314
9672	13
10934	33
8581	248
3752	136
5091	33
10944	373
12620	20
5984	32
9274	68
10098	285
6361	13
2148	373
7846	33
10691	318
3463	309
10291	445
10234	373
12841	239
3414	309
10753	13
4745	207
991	33
12968	33
8405	7
6773	81
1704	419
7885	13
7122	33
12345	33
2353	33
3855	373
431	252
711	33
4712	408
2594	373
2791	162
8028	132
3551	309
8604	162
5154	373
12032	13
7155	33
9786	33
5334	13
6428	68
5178	13
640	314
4665	421
13012	421
2110	314
10125	13
143	12
9576	394
7620	68
2201	20
8216	26
9112	33
4671	214
6256	34
10535	33
6570	373
3658	33
5622	395
170	33
8677	258
8439	305
240	314
5271	189
2721	105
3696	33
3065	249
802	387
1813	421
3976	34
8990	422
3292	11
8498	33
9613	373
6001	441
5298	105
3634	417
4089	13
1262	13
2513	27
11756	373
4284	82
12369	292
1733	436
5451	32
10963	204
9232	394
4823	33
4405	314
7407	86
5012	33
4548	373
10937	32
12072	373
12425	373
5420	158
9677	33
3112	155
5684	11
2640	373
7697	33
2234	275
10058	359
1260	68
8802	33
10306	309
3665	5
467	33
5961	344
7130	373
1749	309
854	414
9703	421
5893	79
11173	395
1096	11
2841	394
7752	204
10466	396
634	201
12131	68
6455	204
587	447
6769	373
10202	98
11974	33
10485	33
1491	33
10006	373
8511	33
10829	26
11969	23
6974	436
7518	162
6207	33
6395	233
2794	205
2469	137
10658	33
9351	248
7260	33
10495	33
13010	309
9647	248
2106	33
1575	33
5980	68
5437	13
3759	33
8539	32
9182	68
10969	373
1832	450
12958	373
1651	314
7903	373
6011	68
3034	309
11263	373
11557	13
6591	162
4480	33
1404	33
7555	248
2639	33
10964	373
295	318
901	13
4882	86
1834	400
5290	8
2579	33
1943	11
6048	32
9718	105
7262	33
5565	33
12314	373
6068	68
7002	93
10612	105
12561	13
6312	33
9701	373
1496	314
8854	33
9886	152
5808	26
9652	373
11996	373
7507	314
6525	373
11241	82
7906	105
5117	441
3929	309
7867	421
2237	314
2449	373
7835	32
11802	33
6206	158
8250	204
6265	421
7599	33
11858	373
1807	20
11515	33
7301	33
4716	396
5158	18
10099	349
7225	68
4327	261
800	373
12302	162
1699	33
4400	373
9333	421
10403	33
1309	175
5215	373
13003	216
3915	33
5065	373
7618	414
5688	261
2251	373
5902	175
7557	33
239	105
12445	373
977	33
11047	136
4205	33
3649	33
7462	34
4693	33
2577	373
829	13
5099	33
3442	79
7820	373
6812	86
6476	373
2662	33
3129	373
3108	150
7106	33
2866	204
7144	421
8042	57
6470	314
7647	162
4961	373
2381	218
2343	373
6181	11
12782	33
3946	373
2326	421
10836	421
10066	61
12141	373
12836	13
4545	314
6932	257
6408	314
7378	162
1566	162
1048	394
4883	373
10045	150
11165	33
1551	33
10974	68
7291	394
9457	33
12179	33
9055	309
10388	247
12639	373
4164	248
6797	11
6672	20
6136	314
11812	204
4313	13
4249	33
11196	33
8732	162
523	208
6154	162
9666	53
7414	13
7263	33
5738	33
7951	205
10709	105
5329	314
1256	242
5772	68
3461	162
10726	446
6543	392
10837	13
11038	98
285	309
4434	13
6872	198
6585	373
3022	373
7611	33
11753	33
4748	33
1236	373
12242	162
10512	309
1056	33
7017	33
3216	33
7919	13
4510	105
2287	11
881	105
9183	105
3812	314
10043	11
6531	162
8594	162
7643	373
1049	33
7337	33
1912	13
40	79
8887	421
8522	62
3486	292
723	33
8692	11
1146	394
7714	13
19	27
5920	33
1489	359
5532	309
7014	13
2258	242
7545	32
8966	373
3637	33
11140	162
4568	312
3032	373
2754	33
3344	53
1949	105
5221	394
1860	120
12222	13
6296	105
417	33
12171	13
12915	33
11489	162
12205	33
6209	82
12423	105
1114	314
988	394
11280	373
1385	162
9642	373
6315	33
9871	33
6466	359
435	33
294	33
4493	314
4436	33
1872	309
3761	239
7086	26
3967	13
3340	13
9398	271
10278	373
6483	450
9497	373
1552	33
1941	214
9437	68
5572	33
887	33
5828	33
3287	162
10365	136
2585	394
12311	33
8852	314
4061	33
6252	436
8949	33
8380	33
4275	373
787	33
3795	116
3986	434
10629	162
12964	373
1770	309
3064	373
8934	373
12031	13
4199	9
2298	33
4715	150
5235	11
7138	392
437	33
4587	33
4375	242
1083	33
5180	68
8333	314
6452	309
6817	373
11204	33
4292	373
1219	139
3647	314
1246	11
3860	373
12770	169
11283	309
11702	11
12262	150
4529	373
6816	421
1909	33
11852	79
11771	82
10139	373
1316	20
3615	53
11420	33
2025	373
4043	421
4721	33
5228	33
11488	373
9792	105
779	373
9649	373
4825	120
10119	204
4261	395
8817	33
11344	421
8756	212
6913	41
12058	33
604	33
9238	373
6964	373
3177	13
8311	143
4393	68
9480	33
7591	32
8102	395
10284	105
9094	294
7644	212
154	363
12147	373
10915	27
7777	11
4773	53
529	33
12666	32
12682	379
4246	441
12850	373
704	158
10477	33
8658	422
3695	373
2999	394
10775	136
11696	242
7606	421
8484	33
5097	79
5170	309
2405	248
3717	321
785	174
3869	33
1517	33
59	20
12429	33
6985	211
9726	314
12699	395
5203	33
4109	79
9704	373
4876	446
2975	33
11181	33
11004	314
950	33
599	373
9242	309
7119	373
3596	414
1572	129
6780	208
10606	33
6318	373
6513	33
12099	436
408	13
5782	33
12971	373
10075	33
1599	34
5829	32
7660	33
2483	33
8896	314
10810	76
1741	373
10803	33
7101	373
1458	373
1736	33
9200	7
4821	277
9795	33
11912	162
1938	20
1976	249
12359	421
3558	421
1530	373
10083	33
11467	27
9447	412
8651	399
5763	421
3843	58
12374	441
7637	26
4385	395
9088	33
11216	13
1135	314
12509	383
11859	156
7479	68
9229	191
6763	33
478	33
196	296
2715	309
6126	33
2847	406
12741	373
2989	33
4304	33
12546	162
2465	414
7678	414
8105	33
9502	373
6533	33
8693	33
5932	137
5299	33
5175	79
9440	11
3132	410
7188	33
8050	421
5509	33
1694	33
5004	11
2059	150
5790	13
5546	33
3770	258
8634	33
6942	91
4372	12
5240	11
10232	11
2314	366
2212	314
5507	33
6500	82
2324	373
8695	136
10172	86
3266	421
1281	33
6041	373
6067	373
6071	421
3529	33
4270	373
6288	373
10914	373
9725	373
12467	53
1556	309
7514	373
8569	373
5452	314
6384	11
11326	395
409	441
266	33
10562	11
12610	351
7769	247
11490	314
9321	373
11084	7
2895	32
7536	32
8121	11
6532	416
6668	373
10540	33
10822	421
11567	33
5890	26
10869	422
2000	105
2733	137
916	373
12802	231
9298	373
10352	79
1773	33
9499	33
623	162
7317	309
3879	373
4580	388
12289	122
6417	314
429	373
5041	396
10199	373
7090	33
8356	314
6188	33
4620	453
6436	207
6331	33
305	33
8421	20
9737	373
8265	373
1097	314
6729	33
6554	32
9492	105
878	354
4206	406
5428	13
6435	162
10656	34
11463	26
8064	105
835	373
9559	33
6938	33
12097	414
12778	150
8079	162
4744	373
9536	239
6997	453
3880	314
1354	34
12985	236
743	33
11683	53
11299	33
8671	33
7433	33
1767	20
9420	394
5370	314
12431	33
6575	33
9375	162
6550	373
10473	33
7914	68
8373	136
12994	11
3613	421
9568	33
9218	26
3733	373
6784	33
7320	208
3006	33
5181	33
10301	373
8144	33
4441	373
10922	33
12640	309
10675	309
9102	164
5775	373
3254	373
3405	33
10097	33
5733	421
12723	414
5248	214
6552	33
12857	33
12736	32
11068	248
12761	373
4805	162
8841	395
1600	33
11416	239
4804	373
7580	11
6806	278
7341	410
3435	33
2974	162
11064	33
11764	68
1878	33
7746	61
6826	326
1593	373
10363	395
11505	13
10408	11
12864	13
1748	11
12457	32
10167	394
13008	450
9103	248
7975	33
2523	33
7977	373
2437	175
6869	136
6063	314
11632	33
3542	373
7901	373
4280	79
5174	158
12867	34
12328	33
12564	314
8992	162
7102	68
12117	13
189	137
11016	373
7712	33
2937	79
8828	33
12264	309
6910	33
6255	395
3240	33
94	33
12191	373
12891	373
6383	199
5515	421
10538	27
6758	373
2240	33
8298	105
8812	33
5461	373
11566	359
2195	373
12527	314
8148	373
1231	373
11580	11
7345	13
11119	162
9176	33
9848	27
7884	422
3321	33
6399	175
12868	373
5764	33
3291	423
7135	7
1172	11
3848	315
1849	373
2047	373
7499	33
4476	33
12408	309
5611	373
3832	314
9665	373
11379	373
10958	33
10786	373
6412	354
3599	129
6537	61
494	33
8547	11
10153	292
1791	33
1132	13
9595	421
1450	162
9692	373
2670	152
8578	32
3981	409
4388	11
5849	33
3212	13
3300	33
4519	33
12838	13
8149	33
8056	33
981	33
580	33
8585	314
8825	395
12643	59
5434	362
1194	137
6233	33
9593	27
5402	33
468	33
11405	33
144	401
2509	79
7801	373
7735	26
2595	68
1549	373
5970	13
11251	33
3729	261
11578	33
11428	33
10950	13
1229	11
12163	33
9668	206
3253	359
1959	373
7174	136
3732	33
10297	11
815	373
11507	414
5037	137
6999	34
2816	33
9030	162
11184	373
1378	292
7131	20
8864	33
5903	105
127	33
2228	208
10489	373
2760	157
2524	226
9450	373
6669	68
1992	137
10832	11
7098	33
10368	33
11178	33
12453	416
5160	158
12579	373
4407	13
8251	33
3903	13
12095	314
7592	20
1537	373
6917	33
8496	373
6056	33
2530	33
1502	373
464	394
12932	86
7584	314
10640	33
1177	33
3532	33
1561	314
12347	34
5913	80
9519	102
9096	373
4470	327
10016	68
8894	33
6274	33
11962	373
4657	414
10393	33
12650	373
9240	421
12428	162
3277	309
8622	421
9767	309
4933	162
4601	314
4237	292
11036	136
9887	137
10865	354
173	236
7531	419
12785	305
8803	33
1621	33
11876	20
4669	421
2062	33
9126	182
1248	33
8193	33
578	373
11875	33
8528	162
12877	373
6501	33
7496	32
1862	247
11233	421
9521	395
6374	33
10227	137
6544	422
1542	33
301	421
7326	421
9001	395
3877	421
1661	314
7863	33
5345	158
6076	33
9604	373
4807	33
10145	68
2542	33
12136	33
9071	33
10186	221
207	373
8643	359
4373	79
2485	48
2836	373
9557	33
5851	373
5238	33
5615	395
7195	373
1683	82
2443	423
10547	373
12192	33
7297	373
12937	314
1473	306
9020	414
11192	162
11552	11
7141	373
6562	309
7236	132
11844	33
10598	33
2622	162
5071	32
5052	7
9853	242
11473	33
3279	373
11286	26
12371	34
1102	108
3402	373
12307	137
8281	373
7494	294
4305	33
2303	13
11601	373
2173	32
12966	80
2367	309
1653	33
1482	162
7457	373
10311	33
8914	314
12070	20
3901	33
8245	79
10933	33
8090	247
7441	162
9205	373
5236	314
2795	12
4440	294
984	32
9222	13
6251	373
3380	105
246	12
9432	373
4578	33
7053	33
6605	144
6123	373
8799	33
12107	13
5293	441
6347	33
5702	162
7698	373
11682	373
5373	244
11104	33
12464	248
12043	373
12458	32
3354	13
1233	11
7809	82
3966	79
202	33
2683	13
579	213
6424	373
8291	282
10862	309
8664	373
7773	309
4125	214
6884	314
7275	33
2387	282
1646	359
2566	11
12499	421
8235	282
7688	13
536	13
8617	247
5863	28
9293	33
8094	110
4802	412
10706	367
5871	138
1431	33
8584	33
3420	33
7831	421
3021	373
4727	373
9364	373
8968	421
6122	33
5184	79
10594	373
5561	373
11827	441
3859	449
3231	33
512	20
10586	129
4023	33
9057	13
1265	314
11495	137
11927	32
7694	373
10032	314
12385	452
12859	209
9488	373
9263	33
3543	175
10143	33
2885	33
2392	33
9964	33
12999	33
4490	33
6377	441
2368	13
2580	80
7208	135
5252	373
4911	11
7412	33
7969	314
5317	373
7738	421
12258	33
12017	144
7751	33
4010	33
3796	136
10360	248
109	33
9641	33
11973	33
1742	373
3942	33
3944	218
3401	33
12957	7
10884	162
856	373
9975	27
2226	396
9802	33
880	314
12772	414
5537	20
11381	33
9591	33
6456	33
3722	373
12575	309
3857	85
12824	162
4762	162
4484	20
12949	33
10313	33
9747	27
3668	208
8996	79
4816	162
2375	137
5422	26
6807	33
1873	33
10990	300
836	373
9329	33
2257	373
11550	421
9947	394
6128	373
1346	416
5800	314
1619	7
12522	33
3372	373
909	232
11922	373
5385	421
2492	13
6518	150
2230	172
153	33
10806	33
1764	312
10848	68
4333	373
9569	314
383	33
9047	248
9406	33
7509	33
8070	341
4573	373
7048	314
11883	33
8018	32
12625	88
2044	32
8157	214
3476	79
10673	11
10911	68
10860	373
6728	33
9654	298
5648	373
9810	309
956	273
939	33
10379	33
6925	373
411	33
10940	373
1576	34
11111	11
3982	395
2832	34
2690	373
11892	33
9914	105
4137	373
9759	373
2693	422
2100	414
11494	68
7701	162
8122	44
3070	274
12638	204
11124	373
504	13
5210	373
2283	34
3263	11
11930	33
8174	137
12910	309
7369	373
7877	61
12463	33
11324	373
1092	13
158	373
5249	68
948	33
12981	248
1062	13
5616	33
11113	13
2726	33
457	309
2049	33
8655	13
7134	11
2625	33
9411	373
2548	208
8857	57
12700	373
4036	360
10695	137
9244	11
5104	309
5647	394
8192	33
5862	421
9506	33
3408	33
12792	180
2528	421
3498	71
1516	13
4450	55
9662	208
10619	81
996	239
8757	32
2557	395
3842	162
6327	11
9751	373
9287	32
250	292
3103	373
12775	33
1427	162
6828	314
5646	235
11607	33
10025	421
3211	373
2085	33
9779	400
11249	314
9899	33
337	33
2628	394
8493	80
10825	150
2903	105
5872	441
12013	373
1389	373
3303	248
396	105
9122	162
9854	33
9785	373
555	394
9142	33
3426	373
3778	373
11732	373
1033	33
5856	373
5748	421
5021	33
4100	309
5791	33
10881	132
5549	33
7753	18
3122	33
12164	373
7111	422
3957	82
8033	11
3156	373
11501	105
9290	33
2589	33
8115	214
1278	376
5752	325
8109	373
12531	11
4818	51
401	162
4711	314
1331	13
12331	20
9224	33
9984	11
1119	33
5724	421
1294	414
3799	152
12439	373
9989	449
758	373
8039	33
11412	33
11369	325
10101	373
1380	27
6141	373
10241	136
5323	33
10129	373
2477	309
3785	373
12496	136
8837	373
5976	57
9498	161
9529	33
1710	26
9713	214
7411	373
10959	373
6566	309
11508	309
1123	30
1198	11
11511	9
12660	33
4082	11
6901	33
6593	33
3133	33
7137	417
9690	421
11110	136
2174	292
4084	351
4795	373
9239	451
12582	373
3526	13
5712	239
6003	373
1852	137
7823	413
9043	373
7364	44
2631	59
9934	33
9612	314
1541	33
9396	421
5304	292
5446	414
5542	248
9766	20
3604	421
533	214
11715	33
8550	11
9029	434
11961	33
11351	421
3955	13
2636	227
3024	373
12604	332
3566	33
10748	33
3085	308
4111	150
6560	395
7699	314
11078	138
1370	11
1419	33
192	136
11980	373
11691	162
12447	11
5431	138
809	373
4605	33
3391	33
4575	314
11615	450
12170	373
9310	278
10550	33
2654	309
8995	441
11033	373
6088	257
11491	26
2933	421
7239	13
10146	11
753	373
9303	162
1178	422
8093	26
5642	303
12521	373
8478	394
12025	19
1116	33
7464	33
3404	373
11599	33
6257	33
8568	421
9208	150
11090	175
1579	248
1934	33
7374	33
3897	88
4156	33
9172	373
12354	11
10494	341
9269	373
8259	414
1523	33
6429	421
10889	68
12976	373
7366	33
11427	162
3299	137
5708	33
5340	33
4045	373
7713	373
10548	33
9324	312
8161	414
7553	3
11995	33
8133	414
9844	421
6524	33
5476	11
1163	13
5899	33
1057	33
11653	441
3845	417
766	79
9579	33
7707	33
11983	248
6723	33
12560	309
11618	33
10600	33
8257	373
12852	309
8336	150
2559	33
4692	11
1680	33
7788	89
559	373
3198	33
3244	373
10509	11
7237	314
3911	32
2894	33
3443	373
10623	373
5026	33
11334	33
4501	33
1609	314
6309	33
12412	33
5845	314
2497	33
13007	11
4424	441
9959	373
12887	325
9695	373
1396	314
5448	20
3518	11
12844	33
10418	373
3710	79
314	450
3434	150
7603	11
6845	11
10574	33
9178	13
6733	33
1560	33
788	394
2713	373
6339	33
9707	373
3351	247
9845	33
4058	314
6205	11
6105	13
2892	426
3629	3
2389	33
2793	282
6921	162
12130	33
9226	33
12724	373
1981	309
2125	13
6026	26
9279	61
616	314
9634	33
10559	314
3563	162
7909	68
5348	395
183	434
493	162
12900	373
8708	373
3229	314
11765	33
12809	34
9319	82
2020	373
10907	421
4328	11
907	309
10567	248
8309	33
2229	162
38	13
8630	13
6407	82
10299	33
9754	162
1308	314
10240	373
7385	33
4850	394
7566	30
869	105
3582	373
3666	162
10714	13
11145	33
6387	125
369	27
55	33
7392	137
1296	381
1987	33
6294	33
12498	34
11127	20
1915	137
9912	105
10737	416
7227	11
3816	162
8791	136
10965	247
5947	162
11660	162
7373	33
5714	421
7194	373
12446	214
3858	450
8376	18
6600	33
8537	28
1715	13
3448	68
7510	33
4786	32
6363	13
7363	162
2920	33
12998	13
5403	309
6007	33
541	373
3074	105
6746	82
7304	13
9836	225
5404	33
5066	373
2641	441
6708	373
7434	135
12149	421
7112	373
873	421
5492	441
2312	105
4902	373
10834	33
863	33
7458	32
9100	314
6362	33
1538	394
11855	248
6189	33
5946	416
10638	373
206	143
3019	34
3125	33
5990	314
6199	257
1099	132
3680	32
12051	33
11540	150
8085	175
6835	162
8957	373
2821	292
9596	33
6475	450
2561	373
1627	373
508	292
8450	33
3937	33
12203	351
10277	373
11292	105
12351	82
7815	33
11095	33
9793	452
7415	137
7988	32
6929	394
755	409
8675	33
3921	143
10050	20
12647	79
12427	33
9106	33
447	13
5399	314
11493	309
1438	53
230	412
12860	34
11694	373
11724	80
8001	207
737	75
2099	137
8476	105
10378	373
5436	20
350	11
11301	314
5187	79
9418	136
3910	26
8811	68
4589	68
2193	162
7015	162
263	33
9667	341
8054	105
8112	79
10761	33
8420	150
427	13
7293	204
10322	373
1031	105
3323	309
10630	373
6871	53
9846	137
931	33
3854	53
8860	450
10399	373
5634	421
5504	33
4202	373
679	162
2442	373
12299	82
709	127
1788	33
12185	373
3907	427
12848	13
1826	32
2813	33
8911	33
4936	373
2021	157
12822	33
2830	68
4611	314
7865	33
11115	373
6437	309
593	436
4398	82
2091	33
639	330
6164	11
4792	33
9673	373
9813	175
4790	436
4179	450
245	414
8466	373
56	20
648	309
7148	33
3870	33
7756	382
3699	162
2558	33
2295	422
9203	373
1152	373
6685	33
6683	33
12152	373
6045	421
9196	33
9086	373
11404	314
949	421
10738	33
5047	33
6343	162
5309	373
12995	314
10307	33
1118	33
5242	373
5931	160
9623	436
3673	373
4564	33
9236	421
11408	105
10923	32
3042	314
6745	11
9720	150
3675	373
3528	373
2970	373
11963	33
1052	33
149	79
12407	11
1072	33
5211	421
6191	136
7109	421
8462	314
6197	423
2154	421
4794	158
12984	80
7027	309
10720	33
3285	30
10585	373
4397	33
12050	243
9696	136
5687	105
8060	309
503	33
1957	373
2994	137
3333	33
9136	203
4839	395
11472	79
5719	33
7274	421
2817	150
5408	373
8306	373
1890	33
11987	13
4508	175
2825	409
12263	33
9257	373
10359	163
2971	11
4772	162
717	421
9598	33
4080	33
3186	314
4427	373
1892	373
12993	13
12315	373
1663	33
6793	373
12812	309
3789	395
885	34
1223	144
10290	373
2031	212
2645	33
8563	162
275	309
3973	57
3568	392
1156	373
4285	162
4136	57
10513	32
7273	33
9380	210
4226	142
8006	33
4888	421
3437	33
12825	33
12506	373
7489	33
9986	33
11114	373
3530	33
233	137
9394	13
10909	421
9283	33
9441	33
3641	236
2655	33
5810	397
10981	373
6370	373
9684	395
5386	33
6770	105
12689	395
4174	373
1758	242
8847	373
3271	11
237	373
7512	421
10588	33
6050	421
5191	33
91	373
1115	33
9429	33
9894	212
1232	132
5032	105
6369	33
3689	33
5233	373
3997	12
382	33
3411	244
7917	33
3005	33
12533	422
9807	98
9120	33
9631	11
7323	27
6465	33
1919	33
893	33
12304	247
12732	422
8321	33
18	421
7915	418
5835	11
7533	162
817	13
730	414
1413	373
8089	373
5378	314
5927	33
7771	352
1761	97
6923	33
9735	34
8175	26
8087	373
10482	373
6507	13
11785	33
4007	33
12362	314
422	286
6534	373
7074	26
7012	13
6791	79
10558	309
2372	61
1379	30
9884	452
734	373
4969	373
12096	11
9782	248
4350	136
10530	144
3985	247
11080	158
2289	80
3839	11
7019	158
11585	373
2806	373
3239	247
1647	309
831	341
7065	202
11576	421
10684	34
8004	33
5818	373
1636	33
8372	359
12584	201
1391	373
2702	13
3808	33
2503	309
9776	13
5971	13
12767	32
6157	68
8767	137
12941	13
1907	373
5650	33
11388	394
288	33
1605	129
10596	373
960	214
617	373
8287	12
9436	33
5545	373
9960	373
2979	373
9035	414
12696	373
6547	374
5774	373
2694	81
7335	13
3639	27
9363	11
9900	158
12629	33
2132	16
603	373
10001	175
11967	373
1689	314
10952	309
1737	309
7011	53
11370	33
10824	434
7463	441
8751	33
1181	33
2170	33
947	325
12401	373
11430	115
4395	162
10815	373
6820	33
11584	23
3485	57
4608	33
10702	218
8412	373
858	105
45	441
10757	414
179	373
8961	394
4654	363
10064	11
2518	450
7673	208
2563	53
9997	242
6893	355
8485	33
8541	309
11289	373
4641	33
5558	68
3501	373
4390	33
6603	33
8143	33
8305	208
5825	414
4596	13
765	415
1665	11
2147	33
10138	33
6490	314
11320	33
2261	214
7628	105
2164	295
8859	150
10274	247
3025	204
1339	81
9921	373
4070	373
12182	33
12253	129
7868	373
1519	206
6268	33
4130	27
4746	314
5958	33
9268	105
11002	421
4824	33
8058	373
22	137
9708	105
11082	247
11133	33
6059	33
460	373
9541	162
4723	13
3097	421
1291	105
7232	13
6692	309
9635	421
8065	33
12878	258
1504	33
10765	373
11103	20
5827	32
2214	33
11976	314
6009	262
1273	13
1133	140
8239	13
5438	373
9170	373
4964	11
9355	373
9777	33
656	13
7804	137
1080	33
2129	254
4893	105
10465	292
534	24
5256	33
10012	105
4417	33
4997	11
7864	136
7842	367
302	33
4383	33
2461	33
7522	373
11959	61
1534	137
12482	33
5834	79
11210	208
9467	222
12472	33
1750	421
3913	373
9007	373
8861	53
11902	68
3314	441
4435	421
9756	20
9764	421
3950	11
12711	33
2544	314
4382	373
9453	373
6610	373
6368	314
4496	33
8527	212
9095	373
12272	158
11544	97
11317	314
735	33
2574	53
8097	373
7786	11
6594	314
7822	144
2707	13
2067	373
5464	314
6839	162
8524	98
6720	314
10517	373
782	33
4595	34
11212	27
7473	33
31	421
4365	79
848	143
12525	162
7038	105
4228	105
5128	13
10756	162
7616	446
2334	13
803	255
308	162
4367	419
8562	33
7306	33
12720	314
5843	33
1669	33
8017	314
1759	218
1893	373
8502	254
9738	32
10698	373
1547	20
10339	33
6171	11
4852	359
7650	373
9597	373
11194	373
4335	32
4308	20
1388	33
5198	33
8052	27
2041	33
11271	13
5658	20
795	33
8626	150
3410	33
9156	33
9938	152
2005	136
8092	33
1883	33
10341	373
4079	33
12748	53
1990	208
12391	321
1635	292
4579	373
11521	68
2082	373
2829	237
2786	373
3278	373
7896	373
107	373
8480	13
11024	421
4413	274
6514	33
3406	373
8199	373
1241	33
6461	57
12751	373
7158	309
6666	33
1347	373
11321	33
142	373
4162	33
10644	373
4041	162
7866	422
8823	373
12381	309
8891	422
12740	11
6522	314
11163	359
2307	421
9578	421
6859	286
9378	373
7861	53
8489	373
3407	373
1474	105
659	373
176	33
333	334
10205	373
2779	33
8086	11
290	373
9427	33
6658	26
1481	33
4978	373
7749	400
2098	13
5909	421
10300	309
12713	33
10369	82
7854	33
1218	373
11365	412
7812	351
5787	33
6439	421
156	309
3257	33
12494	68
9195	373
903	157
7851	421
7282	248
6762	419
2911	373
5013	309
489	325
934	26
5333	373
10755	373
925	309
9252	34
5536	59
5788	241
890	373
11429	33
11231	32
7848	105
573	441
10839	421
7186	33
6695	11
6264	33
3075	400
2065	373
8495	33
1209	154
9626	421
9942	33
4318	33
300	150
2808	134
2491	373
12718	33
10207	105
10325	373
8521	33
9456	13
1688	309
5879	373
971	30
10871	33
1024	137
10665	59
10130	373
11594	373
2272	33
12670	309
481	436
11746	13
6305	441
4486	373
1176	373
375	33
10249	33
10164	33
4779	373
8142	80
1357	162
1725	441
7590	33
3241	162
181	33
3161	13
963	373
11174	11
11105	373
8596	422
130	373
12674	68
4993	236
9551	143
1251	291
9300	373
8962	13
8107	33
5942	373
6992	79
5022	13
5675	20
11339	373
12373	162
12559	68
11361	13
2706	373
10320	33
7532	373
1885	33
2123	373
5859	309
6899	157
5588	373
636	373
3920	166
8897	33
10544	373
11819	395
6227	373
7168	61
93	162
3346	441
3106	162
12934	294
4314	19
12675	309
10616	33
3077	9
8256	32
9316	314
3296	373
7652	33
64	204
11908	144
985	220
4584	33
9237	373
12213	84
7621	241
1936	441
6095	33
7722	11
1012	27
6502	373
9247	80
1013	33
9507	33
8424	373
3403	421
4547	33
9935	373
1730	414
10949	33
4698	383
12145	33
11921	33
5094	418
10793	394
10519	33
6300	373
10344	421
1674	13
2967	214
5470	373
3176	33
11303	105
1151	33
4188	105
2575	11
2732	137
11426	30
6640	153
8139	9
6722	373
1779	33
8019	33
6551	33
315	13
10791	373
5612	373
7895	373
5694	33
7904	33
3276	33
10670	204
448	367
6864	394
612	431
3281	11
9109	373
6372	292
5067	9
7959	314
8055	248
11483	33
2705	416
12283	83
3575	158
5146	314
5417	32
5499	33
1612	371
2922	33
12175	421
10899	373
3160	68
10725	11
5371	33
12715	359
7247	144
5430	162
8755	309
9778	208
9825	421
13023	13
2538	159
10266	373
10028	373
11708	33
12672	33
11329	162
4454	33
8770	33
5606	351
10106	373
11848	68
757	33
9753	68
11877	81
2379	150
3525	421
8773	11
2239	30
3952	68
6580	33
7933	33
1034	373
7173	13
12512	150
2166	421
8187	373
4351	13
11224	309
2281	33
4743	33
6334	373
12691	82
6719	435
7527	32
11868	421
1910	314
7068	421
1740	79
5093	373
8509	421
9118	34
9225	33
7497	441
1158	422
197	422
12611	33
1130	162
12737	421
10069	11
9184	212
3605	33
8814	18
4154	33
794	11
9539	33
7685	33
342	33
10148	33
5185	208
992	126
2474	11
390	33
4644	421
2607	33
4577	395
2873	11
7967	395
8083	33
904	373
7093	373
5363	309
3978	416
10142	373
12193	418
9058	386
7472	175
10759	26
8985	309
4250	33
2665	373
6559	162
5502	441
5149	33
10696	33
6601	373
10622	13
8128	33
7250	162
6635	208
5285	373
5156	399
9509	105
10500	105
6895	214
3298	309
12874	57
5850	68
5709	13
8941	309
6946	33
7602	314
2086	195
6356	11
12890	243
2390	373
4374	33
1343	436
522	33
4408	33
9119	373
12729	373
2710	450
5474	373
12387	430
10816	341
4042	373
9045	33
728	79
12344	373
9233	33
6348	88
9168	33
12342	13
12505	105
6237	442
1014	34
6069	32
5805	11
3255	33
9010	309
689	139
11234	33
7839	33
11226	373
678	33
10337	33
4299	213
3609	359
6597	34
7790	373
1002	13
6103	33
2923	314
10251	208
3274	33
10351	373
8623	309
8040	421
8633	373
3564	33
5819	33
547	421
1729	313
11152	373
7437	373
1497	373
2039	182
7330	33
9645	421
5914	33
1120	33
10783	421
5455	79
8183	13
11313	314
9026	33
11757	314
4607	33
8981	158
4281	373
3342	373
5019	33
4060	373
5119	129
2896	373
1417	373
4329	33
1548	373
3751	33
8931	33
9918	373
484	394
2875	373
5463	373
456	373
5389	82
2393	33
6520	373
4833	20
5337	33
9611	248
3670	417
2872	162
1524	8
7654	11
11499	162
3788	162
9084	137
3823	373
1800	314
620	314
1112	359
8700	13
4614	11
4856	373
714	11
386	26
3540	162
8808	33
9111	356
872	314
6578	422
3349	13
8766	26
11925	33
2698	102
10985	162
4770	13
8991	373
10141	33
229	33
1735	150
7235	415
5721	162
10335	33
8252	359
9132	83
1698	373
10035	309
2928	373
3593	382
8863	11
4403	28
6146	275
12855	34
2010	314
6706	421
7423	144
11864	144
2052	13
4473	33
9245	247
8867	373
3690	314
4204	314
9053	162
7684	421
418	373
10681	33
3678	33
8214	208
4231	27
3339	373
12104	68
4499	80
6086	137
12863	373
3825	162
2441	11
10599	33
10122	13
9162	422
1607	79
1076	68
12382	373
12641	157
12410	421
6499	33
7819	162
4336	33
8977	11
7825	373
1847	13
4682	33
2349	422
3361	33
13004	373
4725	258
8760	162
12324	129
12678	33
1386	314
8227	373
6208	129
9512	33
10355	309
6775	309
8518	33
3919	373
1465	33
10319	33
10520	33
459	294
768	13
9650	33
12702	33
6031	33
7336	395
10303	105
11456	33
3325	373
5306	82
11878	359
9223	373
695	33
3101	137
7254	309
8969	373
3337	13
2643	137
4357	373
8203	373
5547	32
5743	251
8727	314
8473	11
12504	193
10912	33
11887	201
9542	26
1010	68
12681	373
9063	452
10244	373
5044	162
2899	33
434	292
1768	33
6222	263
7656	204
12830	157
12355	373
6441	33
7730	68
9360	373
9085	422
7016	373
5495	13
7808	33
4867	81
4316	373
12220	33
724	33
1446	136
10305	33
621	33
9135	33
6169	395
8918	421
5753	33
11166	33
3478	105
2650	53
5994	373
8576	11
9619	33
10118	129
3382	32
8605	162
11556	162
9518	33
12655	373
5076	27
2161	21
2750	33
6574	32
1479	11
104	64
1110	27
6801	34
6641	132
10404	33
2467	33
11805	105
12894	204
4737	33
12061	105
2247	24
6621	279
11492	438
11738	314
7597	68
11338	373
8901	11
4729	13
637	164
12265	395
3018	11
6482	68
7989	32
12480	33
7295	33
128	13
4326	350
6777	140
11577	13
6244	33
8958	33
10855	33
12695	248
1920	33
1989	18
748	33
801	373
1186	33
7682	11
12840	33
12460	33
9478	10
6130	373
10920	136
6243	11
6625	450
4031	13
12756	11
12009	314
9191	33
3262	208
10919	34
10395	395
12768	162
11824	13
1297	421
9516	421
10084	373
8487	373
1399	33
12881	33
2015	395
13017	162
3755	33
10954	450
10917	137
7853	20
6044	11
12231	13
10295	373
3662	450
549	136
2860	395
10760	208
12979	205
6163	79
9365	137
5802	13
11096	33
6276	373
260	33
1714	373
11445	373
10626	373
2716	11
6002	309
5264	373
11651	373
12229	328
6966	184
2540	13
6618	33
3419	258
4696	239
568	373
7983	20
10758	33
731	395
11421	13
5985	32
9006	33
6463	373
8526	13
3642	11
11622	373
8176	106
11143	373
5212	421
2926	33
12297	309
10653	33
12544	11
1085	13
6631	33
9186	33
7572	229
12035	33
283	213
11686	373
12760	151
5505	33
7564	33
11574	314
361	248
3698	20
7347	105
12909	373
4603	33
9955	68
1580	33
1478	13
8913	13
837	33
7695	33
8513	48
5848	373
1462	105
2364	11
11305	13
1831	213
7133	309
2319	395
5064	261
6089	11
6545	421
2072	105
79	314
12769	373
9784	309
5512	373
2494	105
8921	373
1703	314
12068	373
4018	33
9354	143
5950	13
1836	373
1203	395
7939	450
8375	33
7870	32
6396	11
12176	13
5081	395
8619	373
9448	373
10441	373
10042	33
2302	33
762	373
10989	105
1928	208
3226	33
611	33
6916	162
10034	292
12617	317
5302	373
8696	13
1868	309
6342	87
6890	33
3297	26
2898	175
6663	33
2596	77
7171	421
3311	33
2963	79
6684	314
3116	150
5367	33
12570	247
4598	373
12144	150
3492	137
12370	33
7170	394
2618	314
2077	204
10264	33
2202	5
3524	33
3470	169
6279	162
9462	33
8393	11
8005	33
5000	20
47	33
9008	105
8073	11
11680	394
3326	144
10820	394
5250	367
10654	270
151	30
2290	441
9148	11
4207	91
12361	208
3924	236
11482	373
2108	314
3191	162
4190	373
8190	13
6662	27
12119	292
4717	13
6665	33
5552	33
3313	33
6971	33
7663	33
3118	13
1095	33
1780	144
2243	33
2553	68
4416	392
256	59
9600	421
4826	441
436	53
439	395
11138	314
9564	373
11573	325
9296	33
8946	373
3412	373
12054	162
1827	416
8865	287
11390	373
2429	60
137	214
7324	27
11235	201
420	373
9116	13
973	33
5453	13
4257	13
10430	373
4531	348
12114	162
4732	139
10516	33
9841	162
1170	359
3979	373
1918	208
5018	421
4965	33
2199	208
7639	373
5111	309
839	242
9723	373
1239	309
6962	33
2612	314
4597	314
6480	258
11695	33
3399	32
7477	359
12083	33
10764	33
5734	68
9783	33
957	110
2638	32
11768	205
12250	20
7646	33
126	11
6477	32
8944	150
8456	162
11517	27
11928	33
11810	33
9289	394
5196	25
11520	33
3084	373
2244	267
10682	33
11019	421
7534	79
2156	373
7798	53
9805	208
6620	33
8009	11
443	80
9146	13
4515	33
8234	13
3715	105
2017	341
3067	33
2781	33
8000	33
10841	136
3499	239
11221	68
4069	27
2282	33
7912	5
11565	33
9326	373
2749	373
1213	441
4868	275
5680	137
6057	11
8261	20
5383	33
4134	33
834	373
1644	33
9758	33
1717	30
5139	11
4570	373
2699	394
4253	13
6536	82
6573	373
9829	132
2163	33
7689	373
3549	395
4017	373
4040	33
8880	317
2511	87
2615	11
8172	394
8163	68
1134	103
9812	33
2084	244
12959	325
871	33
9496	31
2087	373
11637	80
2769	33
8465	11
4263	68
8038	33
5605	33
4432	314
11979	13
7010	208
7889	13
7176	33
2018	33
8993	34
2703	32
10549	105
7264	13
8590	33
2862	105
3984	26
1820	421
12398	82
9606	401
9540	373
2126	33
12038	311
8369	292
9152	271
3335	314
8127	26
12049	373
1743	61
11468	314
10161	292
11245	53
6234	33
12021	162
6829	68
8805	334
8508	79
1038	395
6726	11
969	72
12454	373
4072	68
11128	414
8260	33
5396	441
9865	33
2688	208
11496	158
6604	309
6030	33
10137	389
3766	37
4905	292
487	373
10331	248
10102	33
12409	53
9089	373
10457	53
5966	79
5686	105
6611	32
1550	294
9259	214
7318	79
1383	33
4536	20
10275	82
6236	309
12300	53
780	373
6074	441
738	434
4543	373
2936	33
1587	242
6607	26
5529	421
6112	33
11641	27
12125	11
24	33
3147	248
7526	373
12926	53
8978	373
12029	33
2678	373
8579	33
9338	33
8716	143
5522	373
3234	395
12716	20
8244	373
12406	373
3764	421
261	373
4108	33
12654	68
8872	422
6180	79
11185	11
3875	450
3847	32
11712	105
3379	301
7578	292
5447	13
6541	137
4901	13
1815	414
1577	314
3115	33
11917	32
12093	32
2905	441
8258	373
5573	162
2932	33
6781	373
9771	124
8197	68
4752	33
7461	59
10286	33
12667	373
12556	68
12015	33
4502	33
5483	83
8490	314
2168	359
3045	33
11842	33
5562	13
3259	373
6638	33
1535	143
5246	137
2880	33
3284	373
6700	421
4523	53
7873	30
6203	13
12268	373
10157	33
2949	33
6469	33
3835	373
10416	33
100	33
1456	421
4648	32
96	373
12635	26
2811	373
12318	32
8167	373
313	80
5967	421
10348	33
7924	414
1307	373
8503	373
174	271
11031	403
638	27
1237	314
3730	309
8758	152
3763	373
6027	12
3450	162
5469	441
9791	373
5200	373
688	134
6979	441
10731	167
824	33
7152	79
8422	33
8800	33
6940	162
6654	233
7836	33
12196	422
10123	68
6016	441
9987	373
3073	105
11780	11
915	421
6022	351
5617	314
9973	233
1940	33
4546	325
8778	33
979	373
4851	133
6589	373
12466	441
7021	33
3352	26
2601	136
10946	33
2991	32
11857	192
11837	20
12112	11
1032	82
497	373
1931	162
1693	36
4844	33
4781	33
1271	351
1843	33
7605	33
6013	162
6619	13
10582	33
2664	100
7664	33
9390	26
349	33
7064	82
4168	13
4857	314
5138	33
12603	373
7787	33
3144	421
844	33
10961	33
8146	33
3398	68
3427	373
9515	421
11071	314
9161	206
7080	33
5804	33
10086	314
8559	136
10677	32
5207	162
1495	53
4695	441
8408	373
2995	137
1677	373
10117	105
532	26
5074	143
7813	11
9082	33
3472	33
7001	33
12599	373
11363	373
9327	436
8061	13
7513	314
4113	394
9255	33
9486	314
574	373
9491	13
8761	67
4627	397
3098	68
1933	82
8008	33
7669	314
9359	33
11709	162
5722	105
7999	33
1124	61
11260	33
9682	373
10850	277
95	33
9929	373
2032	341
2527	11
11270	11
12649	68
8016	421
10716	373
12541	68
10452	294
9137	314
5068	74
6240	248
9811	32
2935	33
6263	86
2427	150
11675	7
8902	348
12105	20
4659	314
5291	162
9318	33
11005	333
11772	309
5925	13
12558	373
6629	373
7593	373
12787	34
2651	33
5330	158
10231	162
707	33
1690	395
10826	33
10536	27
8118	162
2292	33
12320	421
2323	13
9870	33
10994	258
2029	27
11415	423
8057	303
11438	11
11014	32
1394	32
2537	162
9694	373
11536	20
3547	314
9530	33
10916	33
5865	33
3052	373
12816	105
3996	373
7612	11
11915	33
12074	309
5935	373
4146	33
538	13
7146	11
602	373
1781	373
312	314
11910	305
1184	314
935	20
7810	33
8138	9
4055	136
6262	373
6888	33
10235	416
4976	13
5244	373
11590	373
10107	292
6403	392
11658	136
12162	314
11950	20
3934	162
4884	409
10780	136
7601	11
7077	169
7114	33
2111	32
8151	395
4661	105
11239	33
12919	33
3739	21
10611	33
8549	421
1363	11
12399	282
6301	373
805	373
2853	373
5110	33
3829	33
8686	162
3868	373
8472	33
12796	34
8666	33
9306	309
2969	309
4957	7
7271	373
5029	373
4879	162
7103	33
10292	373
4975	271
5671	373
10671	32
6667	33
3707	34
1631	236
8331	33
4913	373
6993	162
1803	34
12922	421
5137	373
1319	236
6213	373
10250	373
12286	20
12703	33
5084	441
500	359
11846	12
134	79
12731	13
9961	20
11777	373
7990	33
4221	13
311	80
287	137
12783	233
5581	143
3939	136
7359	441
3451	248
4796	32
3834	320
8267	26
1848	33
5319	205
6989	33
2013	373
6493	11
11474	26
4894	13
1375	309
6766	314
6457	34
6664	30
7674	33
3383	33
6155	33
7426	33
4542	79
6087	27
9181	33
2984	33
6129	414
11504	373
9134	162
3914	33
12366	61
6398	396
3061	33
7887	9
10858	33
12157	12
8270	400
2956	129
9732	140
838	20
5574	53
4489	33
11397	373
7546	137
10987	229
5987	11
5132	136
12935	33
7325	33
4278	33
4610	150
6637	61
8842	137
5157	422
12553	13
596	314
6178	373
8779	33
6385	105
1939	33
12762	373
7083	421
8348	347
4892	34
7563	394
2598	12
5321	33
8618	157
10377	33
6143	314
6144	82
11679	97
11672	33
12343	373
1149	144
5660	394
5217	208
6082	373
10647	33
5223	325
664	373
1898	317
10657	373
1726	33
10676	28
11130	33
12967	158
199	422
1000	33
7104	314
11432	33
7123	421
4616	53
5231	33
1483	314
11985	441
3891	453
694	13
10174	31
1079	68
5594	373
8788	421
5878	12
5381	33
11786	373
7288	33
4828	11
335	129
11821	440
10293	33
9554	373
10281	26
3474	373
7543	33
7681	18
4339	33
11419	416
1207	162
11952	314
6937	34
3328	33
6832	33
6182	399
7922	373
12103	162
3828	314
2506	26
10564	309
9342	33
7223	13
10898	373
2914	314
4635	34
10219	11
2586	421
28	33
10437	394
9042	136
9336	236
987	314
9036	292
4771	68
2562	33
6021	33
1471	254
12411	79
9249	422
1554	33
7257	174
8155	68
5186	373
2384	13
928	32
4576	33
12327	32
7356	373
2516	309
11564	162
5823	261
4860	33
9107	421
6025	162
8753	68
