366357	2
421581	4
30266	1
136630	4
114115	1
7022	1
16355	4
27084	4
316722	3
102942	1
14729	3
180434	1
84275	1
95048	1
34494	2
316650	3
363816	4
78327	1
15700	3
113684	4
175592	1
126543	2
20716	3
20644	3
15984	3
16527	3
19252	3
15521	3
160929	1
366286	2
113185	1
29476	1
113745	2
71373	3
50682	3
61834	4
17107	4
20189	3
114530	4
85904	1
421134	4
167940	3
260996	2
19232	3
160263	2
438499	1
113285	1
35520	2
261370	1
366437	2
113905	2
316811	3
18562	4
35437	4
16122	3
317099	3
114260	4
366219	2
11964	4
16245	3
201790	1
10751	2
366312	2
290469	4
189519	4
364747	3
139148	3
307693	3
13319	2
99226	2
18491	3
114526	4
35663	1
86022	1
32772	1
114334	2
13377	1
106634	4
49582	1
113162	1
366551	2
260631	1
366463	2
17568	3
48693	3
421451	4
86198	1
95379	4
90419	1
44856	1
17399	3
421287	4
18994	3
260691	1
421413	4
88163	1
51414	1
19748	1
125675	1
15470	4
15779	3
260722	1
316133	3
114556	4
86359	1
16462	3
19539	3
117396	4
17871	3
17045	3
15272	3
113241	1
16996	3
15407	3
114981	1
113735	4
114790	4
316092	3
36319	3
8912	2
18380	3
51200	1
152658	1
71298	3
168788	3
126955	1
175517	1
18831	3
91213	1
28262	4
184902	4
421086	4
421351	4
17606	3
422669	1
17841	3
51527	2
260635	1
15807	3
2500	3
16399	3
26794	3
20607	3
173414	3
16637	3
162027	1
16782	3
55532	4
19617	2
288761	3
114061	4
15310	3
148918	2
18188	3
103070	1
152360	1
29750	1
82541	1
147885	1
17183	3
5173	4
113868	1
107932	4
146855	1
366388	2
34143	1
261988	2
18454	3
77828	1
421345	4
422500	1
26951	3
16781	3
86260	1
421470	4
22640	1
125729	2
225258	2
237413	4
366375	2
9521	3
33889	1
74558	3
282913	3
153317	2
34477	1
19591	3
16934	3
422720	1
116673	4
16338	3
175559	1
114546	4
20630	3
78320	1
4606	1
27523	4
168379	3
37034	3
2280	4
37276	1
35505	1
24089	3
221815	4
114584	2
19677	3
20131	2
18238	3
15542	3
33994	1
33745	1
173385	3
231145	4
3530	1
18036	3
16328	1
38848	1
82368	4
48646	3
82740	1
1102	3
322292	1
113766	1
92692	2
34921	4
19017	3
20798	4
50743	2
149246	1
17752	3
175765	2
27324	4
34652	1
421432	4
236150	4
17952	3
117420	4
44860	3
20449	3
85981	2
164304	4
149488	2
15385	3
108737	1
173494	2
421467	4
152153	1
421506	4
421551	4
114017	1
39764	3
17014	3
13848	1
3759	3
11721	1
17093	2
117307	4
113213	1
2526	1
10003	4
113202	1
123405	3
17164	3
42665	2
226723	2
20088	3
364211	4
261984	2
69403	1
171309	2
27222	3
261179	1
421421	4
422387	1
17076	3
234	4
11222	4
69346	1
114427	4
79275	2
16198	4
260845	2
18138	4
35875	3
20865	3
1844	1
173722	1
16619	3
129979	2
15179	3
421593	4
39639	4
50634	2
152598	4
19337	3
15644	3
169299	2
131989	4
16633	3
52952	4
230601	1
78934	3
33794	1
113296	1
86327	1
421426	4
106468	1
17577	3
16425	3
74812	2
26664	4
366292	2
20404	3
13148	1
113774	2
94908	1
20335	4
421185	4
18496	3
181474	4
421518	4
421407	4
63186	1
158677	1
422479	1
18487	4
39886	2
15993	3
124335	2
185732	3
83916	1
47794	4
422589	1
157988	1
398253	4
198384	1
422622	1
124761	1
16896	3
15774	3
16508	3
167457	4
61860	1
42535	4
18613	3
122263	2
16216	3
261780	2
18286	3
19762	3
20530	3
152261	4
123594	4
19998	3
19204	3
294635	3
113674	2
421142	4
438393	1
364286	4
43445	3
48481	1
50791	3
77766	1
260704	1
398294	1
87999	3
17838	3
421405	4
12350	1
48968	4
438695	1
259363	1
18201	3
79033	2
261278	1
15841	3
233907	1
65081	1
13239	1
101859	3
168129	3
35433	1
15908	3
438329	1
934	3
366630	2
83826	3
226	3
280942	4
113946	2
154464	1
85913	2
7907	3
17459	3
113638	1
37839	3
366270	2
113836	1
19866	3
20095	3
4701	2
82055	3
17766	3
18330	4
34139	1
52175	4
17263	3
198235	4
366680	2
85898	1
4327	3
17314	3
316356	3
29735	4
16490	3
50798	2
111414	4
90427	1
421137	4
421255	4
281146	4
152305	1
51793	3
19730	3
16133	3
4840	4
175597	2
20541	3
18670	3
41984	4
421204	4
184946	2
4130	4
90610	1
15501	3
75280	1
60684	1
15135	3
316419	1
137801	4
421600	4
27391	3
366548	2
175524	1
114649	1
12184	1
261103	1
422308	1
18356	3
26504	4
8875	1
114150	1
260390	1
175666	1
161460	2
48763	4
316021	3
175602	1
261801	2
114193	1
17829	3
422384	1
19195	3
26175	4
26480	3
18718	3
18746	3
15250	3
17712	3
15481	3
197744	1
15151	3
28795	1
16403	3
34710	1
33483	1
155372	1
95352	1
33501	1
438365	1
15575	3
16026	3
308747	3
19112	3
363610	4
124995	1
117246	4
57164	2
261787	2
421038	4
48460	3
28899	1
34674	1
124025	4
198378	1
175502	1
15494	3
18255	3
113762	4
123879	4
422588	1
237295	1
282802	3
261374	1
55065	1
422398	1
55669	2
422605	1
26699	4
126046	1
34328	1
53843	1
127456	2
421273	4
20746	3
261238	1
366654	3
48928	4
2316	2
261081	1
28003	4
14180	1
3794	3
260796	1
316039	3
149267	1
26855	3
152339	1
163702	2
33910	1
65506	4
24226	4
261671	2
175770	1
282842	3
421151	4
421334	4
261650	2
366247	3
69101	2
35739	1
33948	1
34162	1
123683	3
283053	3
19922	1
175733	1
15904	3
17452	3
205841	2
18636	3
113748	4
16465	3
39524	4
61767	1
17902	3
31852	1
113683	2
77808	1
422497	1
164227	4
12631	4
85814	1
17037	3
122827	1
18640	3
171326	4
261553	2
421178	4
7739	3
19163	3
421163	4
422261	1
17210	3
421477	4
69996	4
35506	1
53183	3
215348	3
168771	3
16571	3
83863	4
438542	1
162275	2
29396	1
149125	1
114417	1
421482	4
181143	4
162317	2
39839	2
25313	3
316357	3
316950	3
398766	1
421604	4
19618	2
22511	1
294269	4
48550	3
422185	1
421546	4
17247	3
153259	4
111302	4
16588	3
114740	3
232726	1
230602	1
421215	4
40044	3
14112	3
15440	3
7338	1
113303	1
17807	3
42621	2
362193	4
321764	4
58854	1
159739	2
15848	3
50542	3
53578	1
79032	2
16380	3
18886	2
17144	3
389033	1
48892	4
105290	3
15324	3
422460	1
421571	4
232795	3
62124	4
422386	1
147419	3
175617	1
316830	3
175740	4
16501	3
261749	2
10752	2
77875	1
106630	4
19823	3
35449	1
47352	2
17041	3
5049	3
113154	1
20691	4
19445	1
78117	1
84135	1
398252	1
421555	4
130764	3
9024	2
27087	4
11242	2
16650	3
26275	4
261205	1
35511	1
316394	3
34171	1
4886	3
18022	3
16778	3
114018	1
19806	3
12351	4
113962	1
260272	1
116919	4
30491	1
16001	3
16285	3
260428	1
196760	2
58359	1
27514	4
4254	4
421532	4
422731	1
5304	1
438260	1
86372	1
114494	4
152174	2
16334	2
16394	3
316163	3
29883	3
16530	3
43173	3
88766	4
205917	1
17762	3
261376	1
152595	1
48845	4
14513	2
422151	1
16041	3
17434	3
152618	1
17251	2
261806	2
13101	1
308874	4
438264	1
78018	1
13451	1
34362	1
1930	3
84319	4
20819	3
4968	1
15142	3
34507	4
48499	3
83853	2
78300	1
435	3
196735	2
364214	4
421455	4
316932	3
49130	4
422115	1
114669	4
17669	3
366578	2
438348	1
7757	1
17517	3
260992	1
117452	4
114471	1
19585	3
17230	3
171261	4
53167	3
48629	3
158688	4
17388	3
113271	1
231522	4
35465	2
262027	2
117308	4
438634	1
15921	1
421517	4
260966	1
8242	2
316881	3
12673	1
114190	2
5577	3
175694	2
438208	1
366347	2
379131	4
364152	4
422193	1
16845	1
134255	1
421443	2
438613	1
421909	1
231957	2
78335	1
16422	2
282929	3
421107	4
98863	2
296052	2
16224	3
18492	3
114645	2
391296	4
29768	1
114725	4
421494	4
28437	1
11278	2
82546	3
18072	3
19320	3
15468	3
77826	1
33867	2
1582	2
42711	3
87329	4
422701	1
18312	3
104392	3
17317	3
366424	2
260444	1
114699	4
113647	1
20209	1
154199	1
16162	3
391229	2
22847	3
29284	2
18099	3
5586	3
44662	4
113691	1
16169	4
114665	4
13428	1
261165	2
260629	1
26401	2
82135	1
27966	4
419925	4
4865	1
125635	4
114604	4
29309	1
114528	1
13380	2
156563	2
18369	3
221885	1
76051	4
113753	1
52188	4
366320	2
15571	3
283077	3
96233	1
18370	3
15463	2
17724	2
22978	3
82246	3
39233	4
79256	2
154944	1
421295	4
15686	3
1394	3
17059	3
323576	2
149382	1
316909	3
116689	2
4642	3
26906	4
16319	4
24147	2
85990	1
15844	3
15757	3
107377	4
47349	1
78617	1
26406	4
134011	4
17414	3
160111	2
39552	4
18733	1
421300	4
260320	1
316258	3
260974	1
34612	1
34668	4
115350	2
88541	3
18874	3
261573	2
153672	1
19237	3
48606	3
133492	2
20368	3
147665	2
15290	3
421535	4
34461	3
381536	4
318498	2
20348	3
19117	3
148373	1
260749	1
300573	1
438530	1
30177	2
1256	4
78239	1
48819	4
214955	4
114424	4
19959	3
15424	3
4112	4
33764	4
128273	1
124878	1
132004	1
18206	3
29258	1
65428	1
287152	4
130668	4
438514	1
177159	1
421096	4
8741	1
422582	1
366476	2
22597	3
62754	1
18805	3
422441	1
22981	2
111431	1
9784	1
366543	2
282826	3
229624	1
10491	3
165450	2
438240	1
57830	1
17284	3
114696	4
16677	3
278343	2
19362	3
133181	4
261696	4
34105	1
421318	4
78951	1
18792	3
316747	3
113170	1
175465	1
316244	3
438235	1
391207	2
218980	1
22849	3
316129	3
260419	1
433606	1
261342	2
261353	1
422532	1
366309	2
16067	3
19401	2
438312	1
260574	2
52222	4
154798	4
15266	2
34558	1
160447	2
438520	1
113265	1
261155	1
421218	4
260188	1
378961	4
16737	3
38894	3
147556	4
12316	4
16709	3
33576	1
19633	3
421164	4
421457	4
230598	1
116305	1
20049	3
237278	2
45522	4
176395	1
260181	1
82733	1
17866	3
15659	3
16681	1
283259	2
134664	4
201160	2
19870	3
29037	1
50473	3
20529	3
27142	4
34533	1
20392	4
15836	3
220830	2
378515	4
366510	2
254811	4
20264	3
15647	3
173410	2
105976	4
421394	4
27039	4
421348	4
9391	1
422579	1
438529	1
16830	3
316001	3
152289	1
27309	4
77462	3
17840	2
42836	3
25739	4
113328	1
422569	1
54940	1
33620	4
19620	3
261148	2
152628	1
41726	4
61341	2
52882	3
230417	4
16116	3
48623	2
19022	3
19627	1
117470	4
422986	1
26733	4
113623	4
34702	1
50729	2
375510	1
106954	3
18296	3
16543	3
163973	1
261802	2
157136	1
105997	3
158008	4
19002	3
28499	1
15278	3
260301	1
17221	3
102551	1
114802	4
422410	1
19867	4
17199	2
421050	4
152601	1
106551	4
15728	3
55020	1
49947	1
398774	1
19592	1
261466	1
22674	1
20424	3
366383	2
5795	3
36839	1
40628	2
260808	1
179314	2
20359	3
422189	1
259096	1
28101	1
55454	1
131990	4
44094	3
366666	2
18251	1
18084	4
18239	3
24692	2
238810	4
260668	2
261600	2
18035	3
35680	4
33995	1
138620	4
55515	2
261796	4
78321	1
20636	3
68926	1
422560	1
26636	4
19014	2
113815	4
61874	1
15152	3
421041	4
114835	2
134013	2
17489	4
33967	1
12526	3
261693	2
307665	4
18904	2
16163	3
82333	1
16708	3
109134	4
162957	3
60374	1
117559	4
147410	1
260391	1
35445	4
366527	2
20708	3
16322	3
15786	3
15594	3
437888	1
17849	3
361926	1
85897	1
15206	1
114404	1
421435	4
399087	1
421155	4
19801	3
17496	3
261084	1
163155	4
382904	2
19614	3
18027	2
61475	4
78312	1
302797	4
302319	2
20646	3
282876	2
19160	3
15305	3
78156	1
352304	1
52787	4
48191	3
260314	1
421473	4
124204	2
113714	4
114500	2
347986	4
82666	1
438482	1
17101	3
155003	4
160668	1
39868	3
18305	3
348233	2
260491	1
232626	3
15645	3
283035	2
152125	2
407078	1
4489	3
105295	2
157912	4
15706	3
18526	3
17562	4
7885	4
124168	3
113951	4
16969	3
15454	4
394423	1
45135	4
85825	2
86202	1
27110	4
163023	4
111328	4
19233	3
35718	2
15738	3
39893	4
260498	1
4561	3
12259	1
31037	3
27255	2
27408	2
176407	1
366401	2
59127	2
55060	1
36094	1
19373	4
20767	4
125037	1
421056	4
366505	2
86199	4
260952	1
421544	4
300476	3
16362	3
15701	3
86345	4
17477	3
34679	1
50529	3
261365	1
44168	3
17218	3
18604	3
168807	3
17714	3
34685	1
20614	3
44267	4
366489	2
152611	1
15410	3
48896	2
35468	2
34742	1
16272	3
283061	3
421268	4
42527	3
398762	1
88971	2
171199	4
65896	1
6805	2
422194	1
29026	2
438299	1
422494	1
38338	3
21915	2
15610	3
16101	3
85862	1
10497	2
20415	3
22116	3
134982	1
88162	3
18797	3
7562	2
20552	3
261755	2
261028	1
42851	3
157386	4
176393	4
438654	1
3362	4
50733	2
35593	2
11526	1
18892	3
35429	4
181450	4
366485	2
149145	1
40200	4
353370	4
422319	1
42915	2
17365	3
237504	4
438527	1
261835	2
51920	2
71292	1
413372	2
113248	1
149010	1
113236	1
49965	1
421399	4
95187	1
91462	1
27077	4
117561	4
279681	1
366224	2
16638	3
20528	3
30525	3
15157	3
95014	4
305071	1
421476	4
16899	3
395389	1
17148	2
404966	1
95221	1
421299	4
16900	3
50635	3
303479	2
18004	3
26900	4
33482	1
1288	4
20870	3
48858	4
12837	1
18800	3
39765	4
55756	2
421252	4
19992	3
9518	4
50758	2
16259	2
26392	4
113309	1
29166	4
316645	3
9098	2
17635	3
316005	3
43739	2
15381	3
37007	2
124031	4
261182	1
102597	1
221571	4
390363	1
78113	1
422729	1
15148	2
39796	4
366629	2
438458	1
391114	2
44422	3
16691	3
12583	4
114008	2
8966	1
117321	4
54525	1
175665	4
348292	2
26899	4
366546	2
22319	1
17596	3
15229	3
35785	3
15475	3
421110	4
146231	1
167953	3
18801	3
113718	2
38352	3
77782	1
28116	4
19640	3
20480	3
15717	3
116755	3
52819	4
42316	1
18883	2
135203	4
316389	3
12916	1
399095	1
16672	4
58504	2
16404	3
4027	1
20615	4
421509	4
26322	4
260409	2
171336	4
15222	3
20388	3
34106	1
19031	3
74829	2
14496	4
16818	3
83952	1
16200	3
366522	2
15794	3
86077	1
15608	3
366538	2
33693	1
97600	1
19324	2
5214	2
366291	2
7964	1
17969	3
278773	3
156806	2
115770	4
98765	1
19297	3
260341	1
366420	2
10431	2
316752	3
21160	3
94945	4
39419	3
34761	4
12977	1
421343	4
316901	3
11216	1
78207	1
266659	4
399133	1
110908	4
132007	1
52093	2
17192	3
193297	2
78733	1
438226	1
8788	4
19688	3
366205	2
38005	2
19758	3
46529	2
37938	4
50160	1
20188	3
27539	4
180175	2
27085	4
114110	4
20106	3
114100	4
126973	2
17805	3
15516	3
148906	2
26907	4
366455	2
29780	1
52845	4
34451	1
171360	4
34672	1
871	2
16849	1
18333	4
18897	4
103703	2
114001	2
28907	3
114555	4
4802	1
3720	1
56335	4
124190	4
13485	2
60818	4
421032	4
114396	4
307522	4
261200	1
158460	2
261451	1
20512	3
26227	4
18766	3
198057	1
421284	4
260731	1
366492	2
17529	3
77216	4
265860	4
9791	4
421568	4
12945	1
45015	4
307770	1
85836	1
16186	3
283017	4
113887	4
16217	3
18614	3
421019	4
366410	2
72610	2
114329	4
19428	3
19498	3
421406	4
438548	1
182444	3
261604	2
261547	2
316574	3
105985	4
114442	2
438502	1
5752	1
50071	2
26887	4
20308	4
438388	1
34586	1
77853	1
5048	3
18032	3
66048	1
444	2
39389	4
165449	2
42620	2
114256	4
16850	4
15441	3
17313	3
11724	4
35886	2
19138	3
261369	1
15202	3
135521	1
32280	2
113619	2
85979	1
366565	2
17422	3
113196	1
75256	2
22869	2
421512	4
100760	2
75224	3
15732	3
78211	1
421065	2
438468	1
85807	1
421238	4
32206	2
48515	3
18414	3
114527	4
17783	3
116669	3
34287	1
31432	2
421229	4
4595	3
19446	2
34694	2
17412	4
125451	2
27595	4
17671	3
330395	2
152635	1
18976	3
69177	4
366250	2
62146	4
115761	2
20190	3
27040	4
126097	3
23723	2
421440	4
18306	3
83890	1
19025	3
18667	4
2245	1
113768	4
78614	1
12443	1
317058	3
114231	1
316568	4
421505	4
18752	4
168622	3
7728	3
18073	3
28013	4
29220	1
71953	3
315952	3
114119	4
78274	1
260950	2
27060	2
261156	4
20357	3
20014	3
175479	1
148368	1
113278	1
86264	1
438347	1
18660	3
113984	4
421326	4
326275	2
125199	1
117356	4
114199	1
50250	4
19074	1
26394	4
42761	3
61002	2
19910	3
114617	1
19062	3
55450	1
421437	4
293403	3
34606	1
114479	4
117876	1
124340	1
289823	2
260431	1
28292	4
4793	3
196442	4
52162	4
230983	4
114204	4
17668	1
12269	1
124390	1
15414	2
85838	1
366499	2
131685	2
48642	3
90665	1
124277	3
48781	4
238117	3
85818	1
261235	1
41438	2
19057	3
421495	4
33647	1
146412	3
159944	2
26087	3
86025	1
200931	2
421540	4
16895	3
88202	2
55689	2
422801	1
114325	4
15672	1
69219	1
421543	4
316305	3
88042	3
50808	4
26283	4
76906	3
170213	1
130079	1
35582	1
366391	2
38141	1
16416	2
261700	2
172025	1
119333	1
196465	3
113742	4
261707	2
438204	1
114386	1
259561	1
316237	3
117900	1
13312	3
33507	1
90412	1
438313	1
107724	4
229862	1
27011	4
261239	1
20048	3
33478	1
77809	1
15218	3
282565	3
77756	1
34300	1
11758	3
113723	4
283085	2
794	3
260590	1
20229	2
114564	4
30530	1
16058	4
44216	3
38846	1
260546	1
366460	2
61766	2
113881	4
34802	4
19610	3
16081	3
30084	1
171390	4
114778	4
421361	4
422164	1
316784	3
122150	1
15547	3
316698	3
149070	1
16579	3
49721	3
36598	1
104482	3
117280	4
17719	1
6114	4
113682	4
173254	3
36021	1
421242	4
16396	3
167528	4
421561	4
96479	2
448	3
15796	3
28826	1
114548	2
125697	1
438496	1
366281	2
421073	4
631	3
104456	1
316358	3
2588	2
421256	4
48971	4
164099	2
50149	1
18368	3
20371	2
13075	4
421607	4
15254	3
316398	3
15787	3
86201	1
18431	3
152106	1
28478	1
15997	3
16453	3
156115	1
173551	2
18223	3
261560	2
438462	1
16695	2
109729	4
156666	4
114338	4
15392	3
15425	3
71243	4
193050	3
18940	3
95157	1
26979	4
26145	4
210065	1
86367	1
48752	4
72177	4
28190	1
34506	1
78343	1
316877	3
366278	2
19708	2
20063	3
55423	1
78414	1
19509	3
26029	3
86373	2
52954	4
345491	4
34682	1
421135	4
348177	4
17550	3
16589	3
20461	3
17457	3
43162	1
15588	3
421094	4
107383	4
138396	2
17763	3
11532	3
316982	3
1116	1
127409	4
17361	3
113872	2
22588	1
33579	1
37771	1
3460	3
95574	1
171245	4
12672	1
113822	1
321747	4
14696	2
366585	4
16762	3
124586	4
95018	1
101290	1
19764	3
14408	2
262030	3
15267	3
272763	3
211388	4
113841	4
170527	3
15909	3
43978	3
152338	1
366395	2
257260	3
152486	1
16347	3
15780	3
20265	3
260658	1
34108	1
33471	1
35523	2
27020	4
130331	1
19028	3
79071	2
173449	3
316589	3
173303	2
131169	3
421312	4
408326	4
4472	3
27473	4
106807	2
260386	1
28062	2
17528	3
305326	4
19278	3
27927	4
163573	2
19972	3
422493	1
5739	3
178903	1
171559	2
20438	3
421278	4
19831	3
50034	1
16720	3
18019	3
175732	1
113690	4
173241	4
26193	4
15863	3
421387	4
15138	3
180845	1
261661	2
251564	1
174896	1
19795	3
283212	3
156458	1
16564	4
43090	2
79166	2
209273	4
71611	2
113924	4
38837	3
19595	3
421516	4
15994	3
239511	4
160264	2
8450	2
366484	2
127499	2
366500	2
19399	4
422141	1
18618	3
4922	3
28560	4
125027	1
421106	4
260673	1
4136	4
438397	1
33735	1
421280	4
17823	3
422512	1
275249	2
123615	2
74078	2
138286	4
15469	3
78726	2
260434	1
88022	1
18047	3
117585	4
61323	1
316265	3
149241	1
19116	3
17000	3
17508	2
18148	3
78364	2
261397	1
84145	4
3675	1
421235	4
243946	3
77763	1
20470	3
421590	4
38723	1
15889	3
521	3
74959	2
12403	3
17319	3
16307	3
84245	1
18158	3
15791	3
19684	3
26138	4
421251	4
149211	1
156174	4
14572	3
76608	1
160212	2
438202	1
175565	1
152582	1
28381	1
44058	3
422365	1
43229	2
36276	2
18336	3
364770	2
152917	1
20201	3
85873	1
16431	3
366209	2
348007	4
16311	3
171397	4
366360	2
11917	1
261653	2
16153	3
133491	2
438184	1
13209	2
421412	4
35510	1
277902	1
398746	1
55099	1
229530	1
30408	1
78006	1
55928	2
16616	4
71727	2
149399	2
4319	3
51742	4
48903	4
82087	2
154064	1
18917	4
146084	4
10220	2
421428	4
34486	1
438532	1
56021	4
261092	1
35865	2
38173	4
9873	2
32694	2
15950	3
1975	2
113200	1
168310	3
175466	1
18869	4
260462	1
316988	3
195999	2
19346	3
317087	2
15474	3
84158	1
261002	1
28096	1
114429	1
16427	3
76449	1
16102	3
139699	2
35947	2
259587	2
6207	1
421418	4
114773	4
422556	1
438693	1
20122	3
15607	3
32234	3
37561	2
117258	4
17057	4
1313	3
82114	4
12875	1
18632	3
78112	1
15294	1
168850	3
421492	4
13401	2
114327	4
52925	4
19563	3
91250	4
16703	3
157624	4
29293	1
366504	2
4681	3
438129	1
16755	3
18811	3
216467	4
36825	1
28884	1
189850	1
20337	3
3628	4
2418	1
175658	4
15663	3
421057	4
398112	2
16363	3
15846	3
20053	3
117239	1
114002	3
12309	2
421088	4
154905	1
319051	2
421297	4
74469	1
422195	1
149378	4
438121	1
261407	1
113252	1
38933	2
283055	2
19653	3
261622	2
261174	1
306543	3
31350	1
168839	1
288681	4
421217	4
422168	1
20145	4
72111	2
48810	4
113217	1
43512	2
27979	4
315977	3
422580	1
221283	4
20527	3
17198	4
21501	3
29675	4
19024	3
88792	3
16189	3
366687	2
156385	1
4285	3
89095	2
422173	1
346817	2
51857	2
99024	2
48008	3
421393	4
261355	2
9222	4
261149	1
282796	4
163711	2
18005	1
114166	4
152336	1
19315	2
52890	4
17104	3
154935	1
438650	1
366198	2
152487	1
23833	4
164024	1
18123	2
421195	4
291166	2
181451	2
114480	4
26434	4
76863	4
6295	2
13125	1
18204	4
82137	1
299877	3
114634	4
40513	4
29302	1
129936	4
366178	2
114179	2
78851	2
20561	4
16973	2
192	3
113209	1
113172	1
421327	4
20005	3
254624	1
19435	3
79069	2
113989	1
113260	1
438572	1
366206	2
19114	3
15153	3
421595	4
421040	4
26958	4
49427	2
18053	3
201695	1
421253	4
438138	1
13086	1
26030	2
421316	4
236531	4
122157	2
19670	3
15901	3
366649	2
78964	2
96971	1
438647	1
366545	2
30011	2
421206	4
26685	4
56013	2
26577	4
423048	1
60972	2
43560	2
75279	2
113916	4
2691	3
248787	4
74423	2
127591	2
33765	1
16766	3
421061	4
261632	3
438443	1
421559	4
113267	1
422573	1
50957	3
9485	1
154479	4
3043	2
33665	2
152562	1
9153	1
37278	1
16191	3
798	3
20239	3
438355	1
421171	4
316261	3
2290	2
421497	4
26371	4
130253	1
123275	3
20431	4
164091	3
52843	3
70718	2
20592	3
438451	1
18564	3
299223	2
4730	3
316275	3
175476	1
17565	3
366539	2
4830	3
181765	4
421259	4
16269	3
173339	3
113804	1
312214	1
388149	1
114544	4
43728	1
43231	2
422773	1
19409	3
12816	4
28727	4
16342	3
36560	1
111296	4
36244	4
148490	1
30360	1
185233	1
171062	4
15795	3
366284	2
322887	4
114046	4
16821	3
15334	3
15986	3
16377	3
366523	2
27836	4
421111	4
386865	2
35605	1
6127	4
95318	1
438618	1
34312	1
16714	2
178196	3
16053	3
120777	1
22628	1
316829	3
42545	2
16546	3
17411	4
167395	3
16260	3
260916	2
163704	2
103704	4
45537	2
13957	3
40101	2
36459	1
173341	2
17281	3
162431	2
421051	4
37895	1
35442	4
77758	1
35435	2
22303	3
366670	2
16128	3
114505	4
20854	3
238939	1
421569	4
714	2
324102	2
19858	3
50673	3
114717	4
438547	1
22488	1
17386	3
202013	1
1705	2
113886	4
86272	1
76331	1
64085	1
16201	4
421285	4
20057	3
13375	1
328308	2
156502	1
117282	4
261555	2
17397	3
152775	1
15768	3
148754	1
16094	3
16039	3
48755	4
175609	1
17223	3
20136	3
17954	3
9000	4
224590	1
257913	2
134635	4
34306	2
152243	2
15158	3
27569	4
18191	3
265856	4
198463	2
261232	1
114510	4
108801	4
6330	4
160486	2
17613	2
97249	4
152640	1
40552	4
16929	3
77845	1
34471	1
174687	3
195166	1
87456	1
8320	4
31378	1
18550	3
261599	2
20456	3
71260	1
114361	4
165633	4
86104	1
13103	3
33554	1
15181	3
421337	4
33980	1
99420	3
121228	4
37741	3
421224	4
113911	4
154894	1
133829	2
12844	1
18546	3
16728	3
23156	3
85870	1
262005	2
366223	2
260921	1
102515	2
86001	1
37868	4
50558	2
6890	1
20031	3
50098	3
34770	1
75082	4
20274	3
181306	4
366524	2
17863	3
26293	3
114019	2
39704	4
257753	3
316710	3
117320	4
421329	4
282818	2
94983	1
79188	4
18260	4
257894	4
316028	3
26251	4
72617	2
421372	4
16515	3
228556	2
16692	3
273383	3
438238	1
156721	1
261117	1
15615	3
181405	4
114734	4
260999	1
9915	2
129446	2
114795	4
119307	1
158461	2
15667	3
114443	1
20133	4
84107	1
260596	2
421320	4
164822	1
195153	1
19037	3
44170	3
214738	1
117240	2
421026	4
69112	1
438457	1
20244	3
13896	3
148957	1
16911	4
174212	1
16855	3
438668	1
13290	3
385186	4
316969	3
421541	4
173509	3
19485	3
422513	1
421591	4
19249	3
235880	4
15829	3
19656	3
81899	3
22870	2
421598	4
19695	3
17996	4
34619	4
261460	2
261639	2
113676	4
27361	4
261403	1
421403	4
50446	3
1336	2
114663	1
177026	4
26134	2
366290	2
183281	2
50694	2
261249	1
18654	3
438376	1
16567	2
421373	4
394419	1
19332	3
16865	3
114551	4
114369	4
1338	2
20580	3
180420	1
20801	3
114051	4
157409	1
17085	3
52247	4
74739	2
421330	4
16047	2
132409	4
18104	3
173220	3
16226	1
208612	4
421102	4
19389	3
20158	3
366203	2
15292	3
125786	4
18872	3
136813	2
27999	4
237746	4
236840	1
162314	2
37619	4
175562	1
17054	4
16057	3
16159	3
152441	2
33093	1
23145	2
146670	3
438586	1
77107	2
421072	4
24026	4
152634	1
303388	4
110115	1
283040	3
19393	3
175738	4
29802	1
316266	3
27689	1
48797	4
421105	4
19364	3
15478	3
16811	3
261267	2
19151	4
261840	2
422045	1
16397	4
41716	2
79853	3
35873	3
31928	4
30531	1
33779	1
28714	1
60391	1
364991	1
260645	1
16679	3
20428	3
17485	4
18093	3
197734	1
310378	3
37642	2
38102	3
114466	4
154946	1
26466	4
371343	1
29642	1
82738	1
171293	4
421257	4
85918	2
89446	3
20610	3
15297	3
154303	2
422393	1
364203	4
113618	2
113261	1
46243	4
19330	3
262014	2
26849	3
33519	1
18057	3
260869	1
22761	3
306205	4
19962	3
15530	3
14117	2
18350	4
62337	4
91948	1
438167	1
50116	4
132227	1
55670	2
33875	1
421024	4
421228	4
42866	2
421441	4
438643	1
124487	1
14236	1
33618	1
15009	2
17423	4
113788	1
422241	1
366481	2
408129	4
13095	1
345549	4
308480	1
17468	3
75059	3
22727	1
422281	1
283069	4
60017	4
438467	1
316813	3
19936	3
10566	1
114009	1
4225	2
20481	3
388810	1
17864	3
114353	4
261537	2
422652	1
31072	3
316430	3
193669	1
62083	2
20523	3
34638	2
421504	4
26301	1
48853	4
77818	4
33581	1
98896	2
17362	3
17383	3
15359	3
15350	3
366194	2
16135	3
50865	2
116707	4
187793	2
9465	2
438659	1
257780	4
88761	3
147883	1
260430	1
261123	1
113660	1
113168	4
114459	4
19835	3
84163	2
421093	4
29431	3
24689	1
152060	1
63442	1
19403	3
19957	3
421459	4
182533	1
113985	4
260819	1
260724	1
227360	4
366495	2
19240	3
39456	4
317022	4
261677	2
152610	1
42459	2
421279	4
17544	1
75356	2
15696	1
113851	1
69858	1
49620	3
16336	3
17860	3
38881	1
153681	3
149004	1
438402	1
366673	2
114844	2
276189	4
87979	1
18968	3
149386	2
15582	3
38722	1
114391	4
56091	2
421036	4
18876	3
262002	4
182388	2
366441	2
438544	1
21385	1
42791	3
195262	4
161873	1
19661	2
231146	4
139422	2
16721	3
52163	4
18345	3
58628	4
85819	1
26361	4
406583	4
16541	3
61632	4
18780	3
20278	4
90702	1
422551	1
103676	4
22147	3
19225	3
62156	1
90160	3
180379	1
38840	3
141945	1
421466	4
17242	4
8756	2
15725	3
20085	3
60240	4
114419	4
85559	2
157910	1
17583	3
85884	4
157971	4
113655	3
106724	1
128854	1
3490	1
12609	1
85853	1
54170	2
113807	2
34798	4
163426	3
20768	4
82573	1
18960	3
124019	4
73294	2
16635	3
421281	4
419610	4
422419	1
1314	2
168300	3
18326	3
76143	4
29313	1
18413	3
164457	1
17161	3
15876	3
33639	1
84246	1
46286	3
15210	3
408977	4
134381	2
84216	1
66019	3
109440	4
85812	4
106076	4
197332	1
260544	1
139241	2
85802	1
193457	3
18381	3
76540	1
113800	4
15365	3
261091	2
18028	1
152579	1
154471	1
20234	3
154454	1
366681	2
4473	3
438449	1
391330	2
86118	1
46238	2
36493	1
28555	4
421577	4
33782	3
421415	4
61594	2
1842	3
19443	3
26415	4
33961	1
56037	2
17240	4
261747	2
17646	2
31126	2
113765	1
168716	3
136219	2
18274	3
13106	1
26377	4
84165	2
16160	3
19926	2
113270	1
26093	4
112955	4
257672	4
113964	1
18505	2
162926	1
148758	4
65123	2
106955	4
421084	4
118758	1
86132	1
19852	2
119644	1
37567	1
84014	1
366239	2
261825	2
114146	1
316106	3
16317	3
22570	3
316019	3
366633	2
133349	2
20374	3
196000	2
152247	2
114121	2
114833	2
75023	2
125983	1
256258	3
16931	3
125571	1
4241	1
11983	3
40137	2
174788	4
422128	1
422800	1
50748	2
27344	4
27710	3
208170	3
149074	2
168117	3
15578	3
37316	1
17217	3
16279	4
359602	4
86261	1
109641	4
113158	1
16878	4
152652	1
17224	3
361925	1
10465	2
78278	1
308750	3
19947	3
65136	2
171265	4
421583	4
28261	4
18291	3
48809	4
95289	2
6461	1
17573	3
78824	1
101467	2
34600	2
117978	4
18074	2
198404	1
168114	2
421066	4
114376	2
27089	4
17764	3
27048	3
114249	1
155329	4
316803	3
18476	3
26318	1
15249	3
113878	4
3666	4
12317	4
82136	1
421539	4
116867	4
17633	1
124489	1
26214	4
17869	2
16764	3
421305	4
19645	3
175586	2
421338	4
316714	3
18018	3
100282	4
366615	2
130064	1
124106	2
84132	1
421369	4
260176	1
19027	3
78042	1
113910	4
421048	4
196002	2
114384	4
316755	3
34152	2
77829	1
5217	2
421450	4
171255	4
117812	4
52176	4
179887	4
33585	2
421449	4
10450	2
16949	3
124358	1
68916	1
421184	4
421236	4
33981	1
421227	4
19999	3
171292	4
175674	1
224591	1
113873	1
15806	3
175823	1
438328	1
114171	4
69345	1
113829	1
89464	4
243959	1
78036	1
14481	1
95268	1
17480	3
16641	3
52939	4
2525	1
18300	2
316122	3
324616	4
114485	4
421507	4
399458	4
61324	1
260225	1
438567	1
15710	3
24234	4
421380	4
148992	4
35966	4
153587	2
35329	2
157388	4
390665	4
33772	2
26505	4
70429	4
133625	1
421550	4
421250	4
84093	1
261660	2
12729	3
17015	3
78341	1
36181	2
26867	3
19793	3
171558	2
152581	1
316159	3
249093	2
21142	4
262142	1
316618	3
20262	3
152281	4
78077	1
16074	3
28349	1
366294	2
113770	4
18565	3
164399	2
99505	1
182887	2
76499	4
8394	4
114523	1
113293	1
15926	3
421433	4
261395	1
260556	1
114194	4
27286	4
260220	1
26490	1
18580	3
305348	4
48802	2
34176	1
384589	4
16463	3
16496	3
1245	3
143606	2
17935	3
20121	3
245062	1
26605	4
16835	3
16330	3
16473	3
59383	1
62330	1
15514	2
19749	3
366422	2
92777	2
26629	4
19380	3
52150	4
421423	4
15884	3
45038	4
33918	4
6656	4
15887	3
3673	3
17912	3
421608	4
152169	2
286437	2
15487	3
421596	4
422180	1
261989	2
17693	3
18062	3
83865	3
260539	1
366300	2
114030	4
108762	1
316204	3
113632	4
49167	2
304565	2
117259	4
15438	3
421286	4
226772	2
18760	4
113621	2
91071	1
366271	2
326056	2
422700	1
114390	2
366362	2
53953	1
20515	3
251309	1
34719	2
15955	3
324233	4
147995	1
117587	4
316774	3
114084	4
78144	1
39026	2
34920	2
33614	1
95378	4
42635	3
16562	3
4927	3
38831	1
366594	3
113239	1
34480	1
61262	4
100649	2
422518	1
18006	1
171371	4
422135	1
14127	1
175650	1
138576	3
114003	2
121276	1
113673	4
16398	3
260636	1
50600	3
174762	2
388820	1
126024	1
421471	4
114506	1
114434	4
17614	2
16415	4
18547	3
123336	4
149261	1
208622	1
16933	3
17262	3
438438	1
366631	2
84229	1
46502	1
35581	1
127870	4
88200	1
258823	1
77994	1
34224	1
56678	2
113885	4
69497	1
13548	4
147666	2
34236	1
366603	2
366275	2
422681	1
366668	2
15083	4
164279	4
173289	2
16789	3
422645	1
13440	1
116692	4
422646	1
90832	1
35534	1
421430	4
89721	2
35635	4
19397	3
17302	2
131207	3
113785	4
422666	2
316670	3
7366	1
148924	1
421126	4
366389	2
156264	3
261673	2
422590	1
316108	3
5160	4
82074	1
17770	3
266469	2
28315	2
117422	4
15420	3
32269	2
366563	2
34476	3
152492	1
438694	1
35486	1
28746	1
110102	1
26684	4
114406	4
421578	4
59445	1
123529	3
42548	3
15204	1
171389	4
114097	1
85978	1
35856	1
10299	3
84264	1
113755	2
16964	3
156987	4
9252	2
366245	2
421194	4
10138	3
13801	1
33804	4
388983	1
421131	4
33849	1
235572	1
16914	3
15574	1
111290	4
17439	3
77787	1
175610	2
15201	3
15704	3
15800	3
34364	1
116670	4
76348	1
20134	4
114215	2
316989	3
78276	1
16142	3
48770	4
124235	3
114837	2
155373	4
113274	4
438454	1
400790	4
385999	4
26061	4
16170	3
20732	2
148495	1
69292	1
260900	2
16577	3
110679	2
114572	4
39165	4
55549	1
114262	2
18629	3
18182	3
261210	2
34484	1
16270	2
114776	4
18386	3
101634	1
421601	4
19868	4
315669	4
421078	4
384705	4
316716	3
152069	1
86196	4
20625	3
18390	3
40739	1
48880	4
18141	3
430002	1
38071	3
35939	4
47857	1
120778	1
56626	1
260366	1
421170	4
78295	1
261095	1
17211	2
173251	3
34576	1
17312	3
136184	1
85860	1
421502	4
18964	4
30081	2
78624	2
16554	3
51060	1
366311	2
113740	4
15946	4
42828	4
19347	3
4386	1
72962	1
366556	2
236131	4
17436	3
114226	4
90997	1
260705	1
261832	2
59202	1
250603	2
49644	1
18930	4
620	3
193280	2
260843	2
78086	1
26562	4
18025	3
261944	2
421223	4
3711	4
19512	3
398754	1
114205	1
16897	3
78140	4
261272	1
19095	3
260371	1
113828	1
127154	1
173486	2
316491	3
114305	4
421081	4
438297	1
113232	1
20881	3
139797	3
260917	1
134707	1
422686	1
17894	3
16807	3
366557	2
15592	3
78139	4
84489	1
16537	3
18363	3
133432	2
438120	1
13226	1
38168	1
261193	1
438203	1
26080	4
77918	2
224840	2
95146	4
438531	1
15973	3
19216	3
18118	3
156335	1
363604	1
422214	1
16771	3
421562	4
366696	2
69443	4
38174	2
12284	2
17530	3
20197	4
146487	2
20051	3
19542	3
134129	1
87481	1
17381	3
171280	4
152344	1
125473	1
17569	3
259054	2
114175	4
421101	4
421570	4
23566	3
11870	1
315986	3
165661	1
421481	4
17511	2
35685	1
316609	3
366257	2
260913	1
2237	1
15713	3
366261	2
34769	1
77921	4
65515	4
90913	1
19172	3
421554	4
197433	1
152294	1
369076	4
8207	2
316744	3
117255	4
16988	3
20782	4
173228	2
114566	4
129545	2
123392	4
15830	2
75108	3
72839	1
422340	1
84271	1
316038	3
114411	4
31995	2
316518	3
421182	4
16697	3
20036	3
308715	4
34104	2
316186	3
114642	4
262079	2
316281	3
61888	4
29257	1
31229	2
12551	1
146901	2
10851	2
114388	1
304859	4
421367	4
27143	3
17316	3
389118	1
55742	2
438421	1
422222	1
20181	3
33972	1
95027	1
114295	4
78782	2
438185	1
237522	4
316533	2
16838	3
156380	1
242690	4
9329	2
152308	1
15756	3
124448	1
22312	1
422655	1
13152	2
114832	2
421167	4
28020	4
422148	1
421355	4
867	4
18125	3
16055	3
422421	1
15524	3
31896	1
421147	4
4842	3
114489	2
15839	3
130676	4
316976	3
422491	1
9096	4
63441	1
78897	2
16723	3
4239	4
421333	4
438633	1
69857	4
422732	1
78333	1
97945	1
82132	1
63453	1
259027	1
421454	4
68900	1
171215	4
20474	4
20325	3
78021	4
7046	3
407098	1
121330	1
87907	1
115799	4
260890	1
19016	3
84164	1
84177	1
113636	4
113763	4
7277	2
16092	3
42174	4
99023	2
20531	3
85866	1
8053	1
149075	2
27947	4
261171	1
28584	1
34294	2
55013	4
152141	2
422455	1
261788	2
18837	3
261617	2
8928	1
114210	4
192651	2
236768	4
421549	4
17403	3
113833	1
20850	4
113733	4
19657	3
149445	1
178553	4
114080	4
152010	2
113706	4
16648	3
60018	4
130908	2
261130	1
175436	2
5282	4
23461	3
438179	1
175536	1
15816	3
19782	3
421514	4
261538	2
261577	2
112737	4
180366	1
421384	4
226326	2
154873	4
15545	2
58821	1
15601	3
261651	2
47820	1
29169	1
50919	1
34667	4
18942	3
81587	2
113696	1
20233	3
102667	1
18161	3
16378	3
16559	2
199352	2
48211	2
33521	1
155379	4
15903	3
260535	1
421037	4
50650	3
18598	3
260543	1
15291	3
35512	2
19236	3
366321	2
19410	2
16048	4
154903	1
113813	2
79206	2
39753	4
124665	1
196968	2
16231	4
261266	2
19990	3
316908	3
15883	3
261432	2
421233	4
327157	2
18045	3
86753	4
43856	1
421396	4
114603	4
421341	4
86346	4
181478	4
421214	4
46656	4
192722	1
438432	1
17440	3
113955	1
13573	1
18395	3
34137	1
18913	3
40740	3
74355	2
233608	2
35573	4
156396	4
294902	3
107800	4
421060	4
391137	2
85805	1
3782	4
175821	1
367431	2
379001	4
16300	3
18880	3
114041	4
196369	1
70352	4
15283	3
18923	3
33955	2
53030	4
421414	4
16968	3
117256	4
16458	3
421274	4
17095	3
15570	3
78850	2
124231	3
27454	3
316320	3
77800	1
16918	3
366249	2
156670	4
45822	2
149169	1
366252	2
19797	1
438500	1
61492	2
95439	1
19925	4
153064	3
71299	2
17484	4
260260	1
17424	3
15566	3
122938	4
11175	4
366475	2
15200	3
97986	2
175701	2
17487	3
16678	3
27099	3
156301	4
261761	2
50649	4
29211	4
421263	4
27858	4
421220	4
16793	3
85771	1
123635	4
69828	4
15777	3
136228	1
15276	3
366498	2
71261	1
13897	3
30556	3
95432	1
113207	1
156956	1
90849	1
34555	4
16503	2
77815	1
114477	4
6143	2
16932	3
108341	1
261269	2
261583	2
114241	1
101422	4
366266	2
171395	4
422685	1
209522	1
15493	3
115907	4
421315	4
316677	3
113319	1
17678	2
422842	2
33817	2
17781	1
114651	1
236811	2
242818	4
116729	1
238204	2
77848	1
261354	1
16284	3
18825	3
153761	4
438265	1
164884	1
261588	2
19012	3
38767	2
959	1
94855	1
20280	3
35053	4
61476	4
19042	3
282966	3
15612	3
34195	1
5269	1
86232	1
316555	3
438206	1
17818	1
18215	3
114789	4
148960	1
366393	2
366339	2
399473	1
113824	2
421293	4
42730	3
128643	4
171322	4
45194	1
51659	3
281065	4
19333	3
114826	2
18452	3
12801	3
4469	3
85831	4
260605	1
158072	4
20769	4
1140	3
421310	4
164177	3
114286	1
114399	1
42739	3
328868	4
4516	3
123675	3
26721	3
28004	4
316627	3
175720	1
35675	2
421075	4
86027	1
6613	2
30066	2
35815	2
421456	4
173727	2
139381	3
42638	3
18164	3
113738	4
421545	4
35466	2
366674	2
422341	1
16893	3
59381	2
50623	3
124040	4
18664	3
20279	3
15554	3
282822	2
17207	3
438450	1
34675	1
20241	3
7569	4
114143	2
54689	4
60095	1
114711	4
366179	2
316968	2
55691	2
79487	1
260847	1
20775	2
34398	1
38878	2
19220	3
3293	4
175683	1
82054	1
312508	4
6773	3
171091	2
18625	3
15724	3
421605	4
114418	1
48161	3
366417	2
438587	1
17019	3
7244	4
175813	1
113792	1
17479	3
363969	4
154482	1
128855	2
15364	4
18029	1
6976	1
261679	2
117659	3
18501	3
156336	1
18934	3
61894	4
16225	3
156680	4
28192	1
151648	2
77775	1
18873	3
156429	4
366452	2
113654	4
379130	4
186494	4
19076	3
84215	2
52975	4
19543	4
15940	3
